timestamp,value,anomaly_score,raw_score,label,S(t)_reward_low_FP_rate,S(t)_reward_low_FN_rate,S(t)_standard
2014-04-02 14:34:00,0.066,0.0301029996659,1.0,0,-0.22,-0.11,-0.11
2014-04-02 14:44:00,0.134,0.0301029996659,1.0,0,-0.22,-0.11,-0.11
2014-04-02 14:54:00,0.066,0.0301029996659,1.0,0,-0.22,-0.11,-0.11
2014-04-02 15:04:00,0.066,0.0301029996659,1.0,0,-0.22,-0.11,-0.11
2014-04-02 15:14:00,0.066,0.0301029996659,1.0,0,-0.22,-0.11,-0.11
2014-04-02 15:24:00,0.134,0.0301029996659,1.0,0,-0.22,-0.11,-0.11
2014-04-02 15:34:00,0.068,0.0301029996659,1.0,0,-0.22,-0.11,-0.11
2014-04-02 15:44:00,0.132,0.0301029996659,1.0,0,-0.22,-0.11,-0.11
2014-04-02 15:54:00,0.068,0.0301029996659,1.0,0,-0.22,-0.11,-0.11
2014-04-02 16:04:00,0.066,0.0301029996659,1.0,0,-0.22,-0.11,-0.11
2014-04-02 16:14:00,0.066,0.0301029996659,0.85,0,-0.22,-0.11,-0.11
2014-04-02 16:24:00,0.134,0.0301029996659,1.0,0,-0.22,-0.11,-0.11
2014-04-02 16:34:00,0.066,0.0301029996659,0.75,0,-0.22,-0.11,-0.11
2014-04-02 16:44:00,0.066,0.0301029996659,0.85,0,-0.22,-0.11,-0.11
2014-04-02 16:54:00,0.068,0.0301029996659,0.5,0,-0.22,-0.11,-0.11
2014-04-02 17:04:00,0.066,0.0301029996659,0.875,0,-0.22,-0.11,-0.11
2014-04-02 17:14:00,0.068,0.0301029996659,0.375,0,-0.22,-0.11,-0.11
2014-04-02 17:24:00,0.134,0.0301029996659,0.85,0,-0.22,-0.11,-0.11
2014-04-02 17:34:00,0.068,0.0301029996659,0.35,0,-0.22,-0.11,-0.11
2014-04-02 17:44:00,0.134,0.0301029996659,0.85,0,-0.22,-0.11,-0.11
2014-04-02 17:54:00,0.2,1.0,0.325,0,-0.22,-0.11,-0.11
2014-04-02 18:04:00,0.068,0.0301029996659,0.725,0,-0.22,-0.11,-0.11
2014-04-02 18:14:00,0.132,0.0301029996659,0.3,0,-0.22,-0.11,-0.11
2014-04-02 18:24:00,0.066,0.0301029996659,0.275,0,-0.22,-0.11,-0.11
2014-04-02 18:34:00,0.134,0.0301029996659,0.25,0,-0.22,-0.11,-0.11
2014-04-02 18:44:00,0.066,0.0301029996659,0.15,0,-0.22,-0.11,-0.11
2014-04-02 18:54:00,0.132,0.0301029996659,0.2,0,-0.22,-0.11,-0.11
2014-04-02 19:04:00,0.066,0.0301029996659,0.15,0,-0.22,-0.11,-0.11
2014-04-02 19:14:00,0.066,0.0301029996659,0.175,0,-0.22,-0.11,-0.11
2014-04-02 19:24:00,0.068,0.0301029996659,0.15,0,-0.22,-0.11,-0.11
2014-04-02 19:34:00,0.066,0.0301029996659,0.15,0,-0.22,-0.11,-0.11
2014-04-02 19:44:00,0.066,0.0301029996659,0.1,0,-0.22,-0.11,-0.11
2014-04-02 19:54:00,0.134,0.0301029996659,0.075,0,-0.22,-0.11,-0.11
2014-04-02 20:04:00,0.066,0.0301029996659,0.05,0,-0.22,-0.11,-0.11
2014-04-02 20:14:00,0.066,0.0301029996659,0.1,0,-0.22,-0.11,-0.11
2014-04-02 20:24:00,0.068,0.0301029996659,0.05,0,-0.22,-0.11,-0.11
2014-04-02 20:34:00,0.066,0.0301029996659,0.1,0,-0.22,-0.11,-0.11
2014-04-02 20:44:00,0.066,0.0301029996659,0.125,0,-0.22,-0.11,-0.11
2014-04-02 20:54:00,0.066,0.0301029996659,0.075,0,-0.22,-0.11,-0.11
2014-04-02 21:04:00,0.132,0.0301029996659,0.075,0,-0.22,-0.11,-0.11
2014-04-02 21:14:00,0.066,0.0301029996659,0.125,0,-0.22,-0.11,-0.11
2014-04-02 21:24:00,0.066,0.0301029996659,0.05,0,-0.22,-0.11,-0.11
2014-04-02 21:34:00,0.068,0.0301029996659,0.025,0,-0.22,-0.11,-0.11
2014-04-02 21:44:00,0.066,0.0301029996659,0.05,0,-0.22,-0.11,-0.11
2014-04-02 21:54:00,0.066,0.0301029996659,0.075,0,-0.22,-0.11,-0.11
2014-04-02 22:04:00,0.134,0.0301029996659,0.05,0,-0.22,-0.11,-0.11
2014-04-02 22:14:00,0.066,0.0301029996659,0.1,0,-0.22,-0.11,-0.11
2014-04-02 22:24:00,0.134,0.0301029996659,0.1,0,-0.22,-0.11,-0.11
2014-04-02 22:34:00,0.066,0.0301029996659,0.125,0,-0.22,-0.11,-0.11
2014-04-02 22:44:00,0.134,0.0301029996659,0.1,0,-0.22,-0.11,-0.11
2014-04-02 22:54:00,0.066,0.0301029996659,0.05,0,-0.22,-0.11,-0.11
2014-04-02 23:04:00,0.066,0.0301029996659,0.025,0,-0.22,-0.11,-0.11
2014-04-02 23:14:00,0.066,0.0301029996659,0.1,0,-0.22,-0.11,-0.11
2014-04-02 23:24:00,0.134,0.0301029996659,0.075,0,-0.22,-0.11,-0.11
2014-04-02 23:34:00,0.066,0.0301029996659,0.125,0,-0.22,-0.11,-0.11
2014-04-02 23:44:00,0.066,0.0301029996659,0.15,0,-0.22,-0.11,-0.11
2014-04-02 23:54:00,0.062,0.0301029996659,0.1,0,-0.22,-0.11,-0.11
2014-04-03 00:04:00,0.066,0.0301029996659,0.125,0,-0.22,-0.11,-0.11
2014-04-03 00:14:00,0.066,0.0301029996659,0.15,0,-0.22,-0.11,-0.11
2014-04-03 00:24:00,0.134,0.0301029996659,0.15,0,-0.22,-0.11,-0.11
2014-04-03 00:34:00,0.066,0.0301029996659,0.175,0,-0.22,-0.11,-0.11
2014-04-03 00:44:00,0.066,0.0301029996659,0.125,0,-0.22,-0.11,-0.11
2014-04-03 00:54:00,0.068,0.0301029996659,0.1,0,-0.22,-0.11,-0.11
2014-04-03 01:04:00,0.134,0.0301029996659,0.125,0,-0.22,-0.11,-0.11
2014-04-03 01:14:00,0.068,0.0301029996659,0.15,0,-0.22,-0.11,-0.11
2014-04-03 01:24:00,0.066,0.0301029996659,0.1,0,-0.22,-0.11,-0.11
2014-04-03 01:34:00,0.066,0.0301029996659,0.075,0,-0.22,-0.11,-0.11
2014-04-03 01:44:00,0.068,0.0301029996659,0.125,0,-0.22,-0.11,-0.11
2014-04-03 01:54:00,0.066,0.0301029996659,0.075,0,-0.22,-0.11,-0.11
2014-04-03 02:04:00,0.136,0.0301029996659,0.075,0,-0.22,-0.11,-0.11
2014-04-03 02:14:00,0.066,0.0301029996659,0.175,0,-0.22,-0.11,-0.11
2014-04-03 02:24:00,0.068,0.0301029996659,0.2,0,-0.22,-0.11,-0.11
2014-04-03 02:34:00,0.066,0.0301029996659,0.05,0,-0.22,-0.11,-0.11
2014-04-03 02:44:00,0.066,0.0301029996659,0.15,0,-0.22,-0.11,-0.11
2014-04-03 02:54:00,0.066,0.0301029996659,0.05,0,-0.22,-0.11,-0.11
2014-04-03 03:04:00,0.066,0.0301029996659,0.05,0,-0.22,-0.11,-0.11
2014-04-03 03:14:00,0.068,0.0301029996659,0.3,0,-0.22,-0.11,-0.11
2014-04-03 03:24:00,0.066,0.0301029996659,0.175,0,-0.22,-0.11,-0.11
2014-04-03 03:34:00,0.066,0.0301029996659,0.05,0,-0.22,-0.11,-0.11
2014-04-03 03:44:00,0.068,0.0301029996659,0.15,0,-0.22,-0.11,-0.11
2014-04-03 03:54:00,0.132,0.0301029996659,0.025,0,-0.22,-0.11,-0.11
2014-04-03 04:04:00,0.068,0.0301029996659,0.15,0,-0.22,-0.11,-0.11
2014-04-03 04:14:00,0.134,0.0301029996659,0.05,0,-0.22,-0.11,-0.11
2014-04-03 04:24:00,0.134,0.0301029996659,0.025,0,-0.22,-0.11,-0.11
2014-04-03 04:34:00,0.132,0.0301029996659,0.075,0,-0.22,-0.11,-0.11
2014-04-03 04:44:00,0.066,0.0301029996659,0.15,0,-0.22,-0.11,-0.11
2014-04-03 04:54:00,0.134,0.0301029996659,0.075,0,-0.22,-0.11,-0.11
2014-04-03 05:04:00,0.066,0.0301029996659,0.175,0,-0.22,-0.11,-0.11
2014-04-03 05:14:00,0.066,0.0301029996659,0.175,0,-0.22,-0.11,-0.11
2014-04-03 05:24:00,0.066,0.0301029996659,0.075,0,-0.22,-0.11,-0.11
2014-04-03 05:34:00,0.066,0.0301029996659,0.175,0,-0.22,-0.11,-0.11
2014-04-03 05:44:00,0.134,0.0301029996659,0.075,0,-0.22,-0.11,-0.11
2014-04-03 05:54:00,0.068,0.0301029996659,0.1,0,-0.22,-0.11,-0.11
2014-04-03 06:04:00,0.068,0.0301029996659,0.05,0,-0.22,-0.11,-0.11
2014-04-03 06:14:00,0.066,0.0301029996659,0.075,0,-0.22,-0.11,-0.11
2014-04-03 06:24:00,0.066,0.0301029996659,0.075,0,-0.22,-0.11,-0.11
2014-04-03 06:34:00,0.068,0.0301029996659,0.025,0,-0.22,-0.11,-0.11
2014-04-03 06:44:00,0.066,0.0301029996659,0.075,0,-0.22,-0.11,-0.11
2014-04-03 06:54:00,0.134,0.0301029996659,0.025,0,-0.22,-0.11,-0.11
2014-04-03 07:04:00,0.066,0.0301029996659,0.075,0,-0.22,-0.11,-0.11
2014-04-03 07:14:00,0.066,0.0301029996659,0.025,0,-0.22,-0.11,-0.11
2014-04-03 07:24:00,0.068,0.0301029996659,0.1,0,-0.22,-0.11,-0.11
2014-04-03 07:34:00,0.134,0.0301029996659,0.025,0,-0.22,-0.11,-0.11
2014-04-03 07:44:00,0.066,0.0301029996659,0.2,0,-0.22,-0.11,-0.11
2014-04-03 07:54:00,0.066,0.0301029996659,0.175,0,-0.22,-0.11,-0.11
2014-04-03 08:04:00,0.066,0.0301029996659,0.025,0,-0.22,-0.11,-0.11
2014-04-03 08:14:00,0.132,0.0301029996659,0.05,0,-0.22,-0.11,-0.11
2014-04-03 08:24:00,0.066,0.0301029996659,0.15,0,-0.22,-0.11,-0.11
2014-04-03 08:34:00,0.066,0.0301029996659,0.175,0,-0.22,-0.11,-0.11
2014-04-03 08:44:00,0.066,0.0301029996659,0.025,0,-0.22,-0.11,-0.11
2014-04-03 08:54:00,0.066,0.0301029996659,0.1,0,-0.22,-0.11,-0.11
2014-04-03 09:04:00,0.066,0.0301029996659,0.05,0,-0.22,-0.11,-0.11
2014-04-03 09:14:00,0.066,0.0301029996659,0.1,0,-0.22,-0.11,-0.11
2014-04-03 09:24:00,0.066,0.0301029996659,0.025,0,-0.22,-0.11,-0.11
2014-04-03 09:34:00,0.068,0.0301029996659,0.075,0,-0.22,-0.11,-0.11
2014-04-03 09:44:00,0.132,0.0301029996659,0.0,0,-0.22,-0.11,-0.11
2014-04-03 09:54:00,0.066,0.0301029996659,0.075,0,-0.22,-0.11,-0.11
2014-04-03 10:04:00,0.066,0.0301029996659,0.0,0,-0.22,-0.11,-0.11
2014-04-03 10:14:00,0.068,0.0301029996659,0.025,0,-0.22,-0.11,-0.11
2014-04-03 10:24:00,0.066,0.0301029996659,0.025,0,-0.22,-0.11,-0.11
2014-04-03 10:34:00,0.066,0.0301029996659,0.0,0,-0.22,-0.11,-0.11
2014-04-03 10:44:00,0.066,0.0301029996659,0.0,0,-0.22,-0.11,-0.11
2014-04-03 10:54:00,0.066,0.0301029996659,0.025,0,-0.22,-0.11,-0.11
2014-04-03 11:04:00,0.134,0.0301029996659,0.0,0,-0.22,-0.11,-0.11
2014-04-03 11:14:00,0.066,0.0301029996659,0.0,0,-0.22,-0.11,-0.11
2014-04-03 11:24:00,0.068,0.0301029996659,0.0,0,-0.22,-0.11,-0.11
2014-04-03 11:34:00,0.066,0.0301029996659,0.0,0,-0.22,-0.11,-0.11
2014-04-03 11:44:00,0.066,0.0301029996659,0.025,0,-0.22,-0.11,-0.11
2014-04-03 11:54:00,0.066,0.0301029996659,0.0,0,-0.22,-0.11,-0.11
2014-04-03 12:04:00,0.132,0.0301029996659,0.0,0,-0.22,-0.11,-0.11
2014-04-03 12:14:00,0.068,0.0301029996659,0.025,0,-0.22,-0.11,-0.11
2014-04-03 12:24:00,0.066,0.0301029996659,0.025,0,-0.22,-0.11,-0.11
2014-04-03 12:34:00,0.066,0.0301029996659,0.0,0,-0.22,-0.11,-0.11
2014-04-03 12:44:00,0.066,0.0301029996659,0.025,0,-0.22,-0.11,-0.11
2014-04-03 12:54:00,0.066,0.0301029996659,0.0,0,-0.22,-0.11,-0.11
2014-04-03 13:04:00,0.134,0.0301029996659,0.0,0,-0.22,-0.11,-0.11
2014-04-03 13:14:00,0.066,0.0301029996659,0.0,0,-0.22,-0.11,-0.11
2014-04-03 13:24:00,0.134,0.0301029996659,0.0,0,-0.22,-0.11,-0.11
2014-04-03 13:34:00,0.066,0.0301029996659,0.0,0,-0.22,-0.11,-0.11
2014-04-03 13:44:00,0.132,0.0301029996659,0.0,0,-0.22,-0.11,-0.11
2014-04-03 13:54:00,0.066,0.0301029996659,0.0,0,-0.22,-0.11,-0.11
2014-04-03 14:04:00,0.068,0.0301029996659,0.0,0,-0.22,-0.11,-0.11
2014-04-03 14:14:00,0.066,0.0301029996659,0.0,0,-0.22,-0.11,-0.11
2014-04-03 14:24:00,0.132,0.0301029996659,0.0,0,-0.22,-0.11,-0.11
2014-04-03 14:34:00,0.066,0.0301029996659,0.0,0,-0.22,-0.11,-0.11
2014-04-03 14:44:00,0.202,0.0301029996659,0.0,0,-0.22,-0.11,-0.11
2014-04-03 14:54:00,0.066,0.0301029996659,0.0,0,-0.22,-0.11,-0.11
2014-04-03 15:04:00,0.066,0.0301029996659,0.0,0,-0.22,-0.11,-0.11
2014-04-03 15:14:00,0.066,0.0301029996659,0.025,0,-0.22,-0.11,-0.11
2014-04-03 15:24:00,0.066,0.0301029996659,0.0,0,-0.22,-0.11,-0.11
2014-04-03 15:34:00,0.066,0.0301029996659,0.0,0,-0.22,-0.11,-0.11
2014-04-03 15:44:00,0.068,0.0301029996659,0.0,0,-0.22,-0.11,-0.11
2014-04-03 15:54:00,0.066,0.0301029996659,0.0,0,-0.22,-0.11,-0.11
2014-04-03 16:04:00,0.066,0.0301029996659,0.0,0,-0.22,-0.11,-0.11
2014-04-03 16:14:00,0.066,0.0301029996659,0.0,0,-0.22,-0.11,-0.11
2014-04-03 16:24:00,0.066,0.0301029996659,0.0,0,-0.22,-0.11,-0.11
2014-04-03 16:34:00,0.066,0.0301029996659,0.0,0,-0.22,-0.11,-0.11
2014-04-03 16:44:00,0.068,0.0301029996659,0.0,0,-0.22,-0.11,-0.11
2014-04-03 16:54:00,0.066,0.0301029996659,0.0,0,-0.22,-0.11,-0.11
2014-04-03 17:04:00,0.066,0.0301029996659,0.0,0,-0.22,-0.11,-0.11
2014-04-03 17:14:00,0.066,0.0301029996659,0.0,0,-0.22,-0.11,-0.11
2014-04-03 17:24:00,0.066,0.0301029996659,0.0,0,-0.22,-0.11,-0.11
2014-04-03 17:34:00,0.066,0.0301029996659,0.0,0,-0.22,-0.11,-0.11
2014-04-03 17:44:00,0.068,0.0301029996659,0.0,0,-0.22,-0.11,-0.11
2014-04-03 17:54:00,0.066,0.0301029996659,0.0,0,-0.22,-0.11,-0.11
2014-04-03 18:04:00,0.068,0.0301029996659,0.0,0,-0.22,-0.11,-0.11
2014-04-03 18:14:00,0.134,0.0301029996659,0.0,0,-0.22,-0.11,-0.11
2014-04-03 18:24:00,0.066,0.0301029996659,0.0,0,-0.22,-0.11,-0.11
2014-04-03 18:34:00,0.132,0.0301029996659,0.0,0,-0.22,-0.11,-0.11
2014-04-03 18:44:00,0.066,0.0301029996659,0.0,0,-0.22,-0.11,-0.11
2014-04-03 18:54:00,0.066,0.0301029996659,0.0,0,-0.22,-0.11,-0.11
2014-04-03 19:04:00,0.066,0.0301029996659,0.0,0,-0.22,-0.11,-0.11
2014-04-03 19:14:00,0.066,0.0301029996659,0.0,0,-0.22,-0.11,-0.11
2014-04-03 19:24:00,0.068,0.0301029996659,0.0,0,-0.22,-0.11,-0.11
2014-04-03 19:34:00,0.066,0.0301029996659,0.0,0,-0.22,-0.11,-0.11
2014-04-03 19:44:00,0.068,0.0301029996659,0.0,0,-0.22,-0.11,-0.11
2014-04-03 19:54:00,0.066,0.0301029996659,0.0,0,-0.22,-0.11,-0.11
2014-04-03 20:04:00,0.068,0.0301029996659,0.0,0,-0.22,-0.11,-0.11
2014-04-03 20:14:00,0.066,0.0301029996659,0.0,0,-0.22,-0.11,-0.11
2014-04-03 20:24:00,0.066,0.0301029996659,0.0,0,-0.22,-0.11,-0.11
2014-04-03 20:34:00,0.068,0.0301029996659,0.0,0,-0.22,-0.11,-0.11
2014-04-03 20:44:00,0.066,0.0301029996659,0.0,0,-0.22,-0.11,-0.11
2014-04-03 20:54:00,0.068,0.0301029996659,0.0,0,-0.22,-0.11,-0.11
2014-04-03 21:04:00,0.066,0.0301029996659,0.0,0,-0.22,-0.11,-0.11
2014-04-03 21:14:00,0.068,0.0301029996659,0.0,0,-0.22,-0.11,-0.11
2014-04-03 21:24:00,0.066,0.0301029996659,0.0,0,-0.22,-0.11,-0.11
2014-04-03 21:34:00,0.068,0.0301029996659,0.0,0,-0.22,-0.11,-0.11
2014-04-03 21:44:00,0.132,0.0301029996659,0.0,0,-0.22,-0.11,-0.11
2014-04-03 21:54:00,0.066,0.0301029996659,0.0,0,-0.22,-0.11,-0.11
2014-04-03 22:04:00,0.066,0.0301029996659,0.0,0,-0.22,-0.11,-0.11
2014-04-03 22:14:00,0.066,0.0301029996659,0.0,0,-0.22,-0.11,-0.11
2014-04-03 22:24:00,0.134,0.0301029996659,0.0,0,-0.22,-0.11,-0.11
2014-04-03 22:34:00,0.066,0.0301029996659,0.0,0,-0.22,-0.11,-0.11
2014-04-03 22:44:00,0.066,0.0301029996659,0.0,0,-0.22,-0.11,-0.11
2014-04-03 22:54:00,0.068,0.0301029996659,0.0,0,-0.22,-0.11,-0.11
2014-04-03 23:04:00,0.134,0.0301029996659,0.0,0,-0.22,-0.11,-0.11
2014-04-03 23:14:00,0.066,0.0301029996659,0.0,0,-0.22,-0.11,-0.11
2014-04-03 23:24:00,0.066,0.0301029996659,0.0,0,-0.22,-0.11,-0.11
2014-04-03 23:34:00,0.066,0.0301029996659,0.0,0,-0.22,-0.11,-0.11
2014-04-03 23:44:00,0.066,0.0301029996659,0.0,0,-0.22,-0.11,-0.11
2014-04-03 23:54:00,0.072,0.0301029996659,0.0,0,-0.22,-0.11,-0.11
2014-04-04 00:04:00,0.134,0.0301029996659,0.0,0,-0.22,-0.11,-0.11
2014-04-04 00:14:00,0.066,0.0301029996659,0.0,0,-0.22,-0.11,-0.11
2014-04-04 00:24:00,0.066,0.0301029996659,0.0,0,-0.22,-0.11,-0.11
2014-04-04 00:34:00,0.066,0.0301029996659,0.0,0,-0.22,-0.11,-0.11
2014-04-04 00:44:00,0.066,0.0301029996659,0.025,0,-0.22,-0.11,-0.11
2014-04-04 00:54:00,0.134,0.0301029996659,0.0,0,-0.22,-0.11,-0.11
2014-04-04 01:04:00,0.132,0.0301029996659,0.0,0,-0.22,-0.11,-0.11
2014-04-04 01:14:00,0.134,0.0301029996659,0.0,0,-0.22,-0.11,-0.11
2014-04-04 01:24:00,0.134,0.0301029996659,0.0,0,-0.22,-0.11,-0.11
2014-04-04 01:34:00,0.068,0.0301029996659,0.025,0,-0.22,-0.11,-0.11
2014-04-04 01:44:00,0.066,0.0301029996659,0.025,0,-0.22,-0.11,-0.11
2014-04-04 01:54:00,0.066,0.0301029996659,0.0,0,-0.22,-0.11,-0.11
2014-04-04 02:04:00,0.134,0.0301029996659,0.0,0,-0.22,-0.11,-0.11
2014-04-04 02:14:00,0.066,0.0301029996659,0.0,0,-0.22,-0.11,-0.11
2014-04-04 02:24:00,0.134,0.0301029996659,0.0,0,-0.22,-0.11,-0.11
2014-04-04 02:34:00,0.068,0.0301029996659,0.0,0,-0.22,-0.11,-0.11
2014-04-04 02:44:00,0.066,0.0301029996659,0.0,0,-0.22,-0.11,-0.11
2014-04-04 02:54:00,0.066,0.0301029996659,0.0,0,-0.22,-0.11,-0.11
2014-04-04 03:04:00,0.132,0.0301029996659,0.0,0,-0.22,-0.11,-0.11
2014-04-04 03:14:00,0.066,0.0301029996659,0.0,0,-0.22,-0.11,-0.11
2014-04-04 03:24:00,0.066,0.0301029996659,0.0,0,-0.22,-0.11,-0.11
2014-04-04 03:34:00,0.066,0.0301029996659,0.0,0,-0.22,-0.11,-0.11
2014-04-04 03:44:00,0.066,0.0301029996659,0.0,0,-0.22,-0.11,-0.11
2014-04-04 03:54:00,0.066,0.0301029996659,0.0,0,-0.22,-0.11,-0.11
2014-04-04 04:04:00,0.134,0.0301029996659,0.0,0,-0.22,-0.11,-0.11
2014-04-04 04:14:00,0.068,0.0301029996659,0.0,0,-0.22,-0.11,-0.11
2014-04-04 04:24:00,0.066,0.0301029996659,0.0,0,-0.22,-0.11,-0.11
2014-04-04 04:34:00,0.066,0.0301029996659,0.0,0,-0.22,-0.11,-0.11
2014-04-04 04:44:00,0.066,0.0301029996659,0.0,0,-0.22,-0.11,-0.11
2014-04-04 04:54:00,0.066,0.0301029996659,0.0,0,-0.22,-0.11,-0.11
2014-04-04 05:04:00,0.066,0.0301029996659,0.0,0,-0.22,-0.11,-0.11
2014-04-04 05:14:00,0.066,0.0301029996659,0.0,0,-0.22,-0.11,-0.11
2014-04-04 05:24:00,0.066,0.0301029996659,0.0,0,-0.22,-0.11,-0.11
2014-04-04 05:34:00,0.066,0.0301029996659,0.0,0,-0.22,-0.11,-0.11
2014-04-04 05:44:00,0.066,0.0301029996659,0.0,0,-0.22,-0.11,-0.11
2014-04-04 05:54:00,0.066,0.0301029996659,0.0,0,-0.22,-0.11,-0.11
2014-04-04 06:04:00,0.066,0.0301029996659,0.0,0,-0.22,-0.11,-0.11
2014-04-04 06:14:00,0.068,0.0301029996659,0.0,0,-0.22,-0.11,-0.11
2014-04-04 06:24:00,0.068,0.0301029996659,0.0,0,-0.22,-0.11,-0.11
2014-04-04 06:34:00,0.066,0.0301029996659,0.0,0,-0.22,-0.11,-0.11
2014-04-04 06:44:00,0.134,0.0301029996659,0.0,0,-0.22,-0.11,-0.11
2014-04-04 06:54:00,0.066,0.0301029996659,0.0,0,-0.22,-0.11,-0.11
2014-04-04 07:04:00,0.066,0.0301029996659,0.0,0,-0.22,-0.11,-0.11
2014-04-04 07:14:00,0.068,0.0301029996659,0.0,0,-0.22,-0.11,-0.11
2014-04-04 07:24:00,0.066,0.0301029996659,0.0,0,-0.22,-0.11,-0.11
2014-04-04 07:34:00,0.066,0.0301029996659,0.0,0,-0.22,-0.11,-0.11
2014-04-04 07:44:00,0.134,0.0301029996659,0.0,0,-0.22,-0.11,-0.11
2014-04-04 07:54:00,0.066,0.0301029996659,0.0,0,-0.22,-0.11,-0.11
2014-04-04 08:04:00,0.066,0.0301029996659,0.0,0,-0.22,-0.11,-0.11
2014-04-04 08:14:00,0.066,0.0301029996659,0.0,0,-0.22,-0.11,-0.11
2014-04-04 08:24:00,0.134,0.0301029996659,0.0,0,-0.22,-0.11,-0.11
2014-04-04 08:34:00,0.068,0.0301029996659,0.0,0,-0.22,-0.11,-0.11
2014-04-04 08:44:00,0.136,0.0301029996659,0.0,0,-0.22,-0.11,-0.11
2014-04-04 08:54:00,0.066,0.0301029996659,0.0,0,-0.22,-0.11,-0.11
2014-04-04 09:04:00,0.132,0.0301029996659,0.0,0,-0.22,-0.11,-0.11
2014-04-04 09:14:00,0.066,0.0301029996659,0.0,0,-0.22,-0.11,-0.11
2014-04-04 09:24:00,0.066,0.0301029996659,0.0,0,-0.22,-0.11,-0.11
2014-04-04 09:34:00,0.068,0.0301029996659,0.0,0,-0.22,-0.11,-0.11
2014-04-04 09:44:00,0.068,0.0301029996659,0.0,0,-0.22,-0.11,-0.11
2014-04-04 09:54:00,0.134,0.0301029996659,0.0,0,-0.22,-0.11,-0.11
2014-04-04 10:04:00,0.066,0.0301029996659,0.0,0,-0.22,-0.11,-0.11
2014-04-04 10:14:00,0.066,0.0301029996659,0.0,0,-0.22,-0.11,-0.11
2014-04-04 10:24:00,0.066,0.0301029996659,0.0,0,-0.22,-0.11,-0.11
2014-04-04 10:34:00,0.068,0.0301029996659,0.0,0,-0.22,-0.11,-0.11
2014-04-04 10:44:00,0.066,0.0301029996659,0.0,0,-0.22,-0.11,-0.11
2014-04-04 10:54:00,0.066,0.0301029996659,0.0,0,-0.22,-0.11,-0.11
2014-04-04 11:04:00,0.066,0.0301029996659,0.0,0,-0.22,-0.11,-0.11
2014-04-04 11:14:00,0.132,0.0301029996659,0.0,0,-0.22,-0.11,-0.11
2014-04-04 11:24:00,0.068,0.0301029996659,0.0,0,-0.22,-0.11,-0.11
2014-04-04 11:34:00,0.136,0.0301029996659,0.0,0,-0.22,-0.11,-0.11
2014-04-04 11:44:00,0.066,0.0301029996659,0.0,0,-0.22,-0.11,-0.11
2014-04-04 11:54:00,0.066,0.0301029996659,0.0,0,-0.22,-0.11,-0.11
2014-04-04 12:04:00,0.068,0.0301029996659,0.0,0,-0.22,-0.11,-0.11
2014-04-04 12:14:00,0.134,0.0301029996659,0.0,0,-0.22,-0.11,-0.11
2014-04-04 12:24:00,0.066,0.0301029996659,0.0,0,-0.22,-0.11,-0.11
2014-04-04 12:34:00,0.066,0.0301029996659,0.0,0,-0.22,-0.11,-0.11
2014-04-04 12:44:00,0.066,0.0301029996659,0.0,0,-0.22,-0.11,-0.11
2014-04-04 12:54:00,0.134,0.0301029996659,0.0,0,-0.22,-0.11,-0.11
2014-04-04 13:04:00,0.132,0.0301029996659,0.0,0,-0.22,-0.11,-0.11
2014-04-04 13:14:00,0.134,0.0301029996659,0.0,0,-0.22,-0.11,-0.11
2014-04-04 13:24:00,0.068,0.0301029996659,0.0,0,-0.22,-0.11,-0.11
2014-04-04 13:34:00,0.066,0.0301029996659,0.0,0,-0.22,-0.11,-0.11
2014-04-04 13:44:00,0.068,0.0301029996659,0.0,0,-0.22,-0.11,-0.11
2014-04-04 13:54:00,0.066,0.0301029996659,0.0,0,-0.22,-0.11,-0.11
2014-04-04 14:04:00,0.068,0.0301029996659,0.0,0,-0.22,-0.11,-0.11
2014-04-04 14:14:00,0.134,0.0301029996659,0.0,0,-0.22,-0.11,-0.11
2014-04-04 14:24:00,0.066,0.0301029996659,0.0,0,-0.22,-0.11,-0.11
2014-04-04 14:34:00,0.066,0.0301029996659,0.0,0,-0.22,-0.11,-0.11
2014-04-04 14:44:00,0.066,0.0301029996659,0.0,0,-0.22,-0.11,-0.11
2014-04-04 14:54:00,0.068,0.0301029996659,0.0,0,-0.22,-0.11,-0.11
2014-04-04 15:04:00,0.066,0.0301029996659,0.0,0,-0.22,-0.11,-0.11
2014-04-04 15:14:00,0.134,0.0301029996659,0.0,0,-0.22,-0.11,-0.11
2014-04-04 15:24:00,0.066,0.0301029996659,0.0,0,-0.22,-0.11,-0.11
2014-04-04 15:34:00,0.066,0.0301029996659,0.0,0,-0.22,-0.11,-0.11
2014-04-04 15:44:00,0.066,0.0301029996659,0.0,0,-0.22,-0.11,-0.11
2014-04-04 15:54:00,0.066,0.0301029996659,0.0,0,-0.22,-0.11,-0.11
2014-04-04 16:04:00,0.066,0.0301029996659,0.0,0,-0.22,-0.11,-0.11
2014-04-04 16:14:00,0.066,0.0301029996659,0.0,0,-0.22,-0.11,-0.11
2014-04-04 16:24:00,0.064,0.0301029996659,0.0,0,-0.22,-0.11,-0.11
2014-04-04 16:34:00,0.066,0.0301029996659,0.0,0,-0.22,-0.11,-0.11
2014-04-04 16:44:00,0.068,0.0301029996659,0.0,0,-0.22,-0.11,-0.11
2014-04-04 16:54:00,0.066,0.0301029996659,0.0,0,-0.22,-0.11,-0.11
2014-04-04 17:04:00,0.066,0.0301029996659,0.0,0,-0.22,-0.11,-0.11
2014-04-04 17:14:00,0.066,0.0301029996659,0.0,0,-0.22,-0.11,-0.11
2014-04-04 17:24:00,0.134,0.0301029996659,0.0,0,-0.22,-0.11,-0.11
2014-04-04 17:34:00,0.066,0.0301029996659,0.0,0,-0.22,-0.11,-0.11
2014-04-04 17:44:00,0.066,0.0301029996659,0.0,0,-0.22,-0.11,-0.11
2014-04-04 17:54:00,0.066,0.0301029996659,0.0,0,-0.22,-0.11,-0.11
2014-04-04 18:04:00,0.066,0.0301029996659,0.0,0,-0.22,-0.11,-0.11
2014-04-04 18:14:00,0.066,0.0301029996659,0.0,0,-0.22,-0.11,-0.11
2014-04-04 18:24:00,0.134,0.0301029996659,0.0,0,-0.22,-0.11,-0.11
2014-04-04 18:34:00,0.066,0.0301029996659,0.0,0,-0.22,-0.11,-0.11
2014-04-04 18:44:00,0.066,0.0301029996659,0.0,0,-0.22,-0.11,-0.11
2014-04-04 18:54:00,0.066,0.0301029996659,0.0,0,-0.22,-0.11,-0.11
2014-04-04 19:04:00,0.066,0.0301029996659,0.0,0,-0.22,-0.11,-0.11
2014-04-04 19:14:00,0.068,0.0301029996659,0.0,0,-0.22,-0.11,-0.11
2014-04-04 19:24:00,0.136,0.0301029996659,0.0,0,-0.22,-0.11,-0.11
2014-04-04 19:34:00,0.068,0.0301029996659,0.0,0,-0.22,-0.11,-0.11
2014-04-04 19:44:00,0.066,0.0301029996659,0.0,0,-0.22,-0.11,-0.11
2014-04-04 19:54:00,0.066,0.0301029996659,0.0,0,-0.22,-0.11,-0.11
2014-04-04 20:04:00,0.134,0.0301029996659,0.0,0,-0.22,-0.11,-0.11
2014-04-04 20:14:00,0.068,0.0301029996659,0.0,0,-0.22,-0.11,-0.11
2014-04-04 20:24:00,0.066,0.0301029996659,0.0,0,-0.22,-0.11,-0.11
2014-04-04 20:34:00,0.066,0.0301029996659,0.0,0,-0.22,-0.11,-0.11
2014-04-04 20:44:00,0.066,0.0301029996659,0.0,0,-0.22,-0.11,-0.11
2014-04-04 20:54:00,0.066,0.0301029996659,0.0,0,-0.22,-0.11,-0.11
2014-04-04 21:04:00,0.066,0.0301029996659,0.0,0,-0.22,-0.11,-0.11
2014-04-04 21:14:00,0.068,0.0301029996659,0.0,0,-0.22,-0.11,-0.11
2014-04-04 21:24:00,0.066,0.0301029996659,0.0,0,-0.22,-0.11,-0.11
2014-04-04 21:34:00,0.066,0.0301029996659,0.0,0,-0.22,-0.11,-0.11
2014-04-04 21:44:00,0.066,0.0301029996659,0.0,0,-0.22,-0.11,-0.11
2014-04-04 21:54:00,0.134,0.0301029996659,0.0,0,-0.22,-0.11,-0.11
2014-04-04 22:04:00,0.134,0.0301029996659,0.0,0,-0.22,-0.11,-0.11
2014-04-04 22:14:00,0.066,0.0301029996659,0.0,0,-0.22,-0.11,-0.11
2014-04-04 22:24:00,0.068,0.0301029996659,0.0,0,-0.22,-0.11,-0.11
2014-04-04 22:34:00,0.066,0.0301029996659,0.0,0,-0.22,-0.11,-0.11
2014-04-04 22:44:00,0.066,0.0301029996659,0.0,0,-0.22,-0.11,-0.11
2014-04-04 22:54:00,0.2,0.0301029996659,0.0,0,-0.22,-0.11,-0.11
2014-04-04 23:04:00,0.134,0.0301029996659,0.0,0,-0.22,-0.11,-0.11
2014-04-04 23:14:00,0.068,0.0301029996659,0.0,0,-0.22,-0.11,-0.11
2014-04-04 23:24:00,0.068,0.0301029996659,0.0,0,-0.22,-0.11,-0.11
2014-04-04 23:34:00,0.066,0.0301029996659,0.0,0,-0.22,-0.11,-0.11
2014-04-04 23:44:00,0.066,0.0301029996659,0.0,0,-0.22,-0.11,-0.11
2014-04-04 23:54:00,0.14,0.0301029996659,0.0,0,-0.22,-0.11,-0.11
2014-04-05 00:04:00,0.132,0.0301029996659,0.0,0,-0.22,-0.11,-0.11
2014-04-05 00:14:00,0.066,0.0301029996659,0.0,0,-0.22,-0.11,-0.11
2014-04-05 00:24:00,0.066,0.0301029996659,0.0,0,-0.22,-0.11,-0.11
2014-04-05 00:34:00,0.066,0.0301029996659,0.0,0,-0.22,-0.11,-0.11
2014-04-05 00:44:00,0.068,0.0301029996659,0.025,0,-0.22,-0.11,-0.11
2014-04-05 00:54:00,0.134,0.0301029996659,0.0,0,-0.22,-0.11,-0.11
2014-04-05 01:04:00,0.134,0.0301029996659,0.0,0,-0.22,-0.11,-0.11
2014-04-05 01:14:00,0.066,0.0301029996659,0.0,0,-0.22,-0.11,-0.11
2014-04-05 01:24:00,0.066,0.0301029996659,0.0,0,-0.22,-0.11,-0.11
2014-04-05 01:34:00,0.066,0.0301029996659,0.0,0,-0.22,-0.11,-0.11
2014-04-05 01:44:00,0.066,0.0301029996659,0.0,0,-0.22,-0.11,-0.11
2014-04-05 01:54:00,0.134,0.0301029996659,0.0,0,-0.22,-0.11,-0.11
2014-04-05 02:04:00,0.066,0.0301029996659,0.0,0,-0.22,-0.11,-0.11
2014-04-05 02:14:00,0.068,0.0301029996659,0.0,0,-0.22,-0.11,-0.11
2014-04-05 02:24:00,0.068,0.0301029996659,0.0,0,-0.22,-0.11,-0.11
2014-04-05 02:34:00,0.066,0.0301029996659,0.0,0,-0.22,-0.11,-0.11
2014-04-05 02:44:00,0.066,0.0301029996659,0.0,0,-0.22,-0.11,-0.11
2014-04-05 02:54:00,0.066,0.0301029996659,0.0,0,-0.22,-0.11,-0.11
2014-04-05 03:04:00,0.066,0.0301029996659,0.0,0,-0.22,-0.11,-0.11
2014-04-05 03:14:00,0.066,0.0301029996659,0.0,0,-0.22,-0.11,-0.11
2014-04-05 03:24:00,1.334,1.0,0.0,0,-0.22,-0.11,-0.11
2014-04-05 03:34:00,0.068,0.0301029996659,0.0,0,-0.22,-0.11,-0.11
2014-04-05 03:44:00,0.066,0.0301029996659,0.0,0,-0.22,-0.11,-0.11
2014-04-05 03:54:00,0.132,0.0301029996659,0.0,0,-0.22,-0.11,-0.11
2014-04-05 04:04:00,0.066,0.0301029996659,0.0,0,-0.22,-0.11,-0.11
2014-04-05 04:14:00,0.134,0.0301029996659,0.0,0,-0.22,-0.11,-0.11
2014-04-05 04:24:00,0.066,0.0301029996659,0.0,0,-0.22,-0.11,-0.11
2014-04-05 04:34:00,0.068,0.0301029996659,0.0,0,-0.22,-0.11,-0.11
2014-04-05 04:44:00,0.066,0.0301029996659,0.0,0,-0.22,-0.11,-0.11
2014-04-05 04:54:00,0.132,0.0301029996659,0.0,0,-0.22,-0.11,-0.11
2014-04-05 05:04:00,0.066,0.0301029996659,0.0,0,-0.22,-0.11,-0.11
2014-04-05 05:14:00,0.068,0.0301029996659,0.0,0,-0.22,-0.11,-0.11
2014-04-05 05:24:00,0.136,0.0301029996659,0.0,0,-0.22,-0.11,-0.11
2014-04-05 05:34:00,0.066,0.0301029996659,0.0,0,-0.22,-0.11,-0.11
2014-04-05 05:44:00,0.066,0.0301029996659,0.0,0,-0.22,-0.11,-0.11
2014-04-05 05:54:00,0.134,0.0301029996659,0.0,0,-0.22,-0.11,-0.11
2014-04-05 06:04:00,0.066,0.0301029996659,0.0,0,-0.22,-0.11,-0.11
2014-04-05 06:14:00,0.066,0.0301029996659,0.0,0,-0.22,-0.11,-0.11
2014-04-05 06:24:00,0.068,0.0301029996659,0.0,0,-0.22,-0.11,-0.11
2014-04-05 06:34:00,0.134,0.0301029996659,0.0,0,-0.22,-0.11,-0.11
2014-04-05 06:44:00,0.066,0.0301029996659,0.0,0,-0.22,-0.11,-0.11
2014-04-05 06:54:00,0.066,0.0301029996659,0.0,0,-0.22,-0.11,-0.11
2014-04-05 07:04:00,0.066,0.0301029996659,0.0,0,-0.22,-0.11,-0.11
2014-04-05 07:14:00,0.066,0.0301029996659,0.0,0,-0.22,-0.11,-0.11
2014-04-05 07:24:00,0.066,0.0301029996659,0.0,0,-0.22,-0.11,-0.11
2014-04-05 07:34:00,0.068,0.0301029996659,0.0,0,-0.22,-0.11,-0.11
2014-04-05 07:44:00,0.068,0.0301029996659,0.0,0,-0.22,-0.11,-0.11
2014-04-05 07:54:00,0.066,0.0301029996659,0.0,0,-0.22,-0.11,-0.11
2014-04-05 08:04:00,0.066,0.0301029996659,0.0,0,-0.22,-0.11,-0.11
2014-04-05 08:14:00,0.066,0.0301029996659,0.0,0,-0.22,-0.11,-0.11
2014-04-05 08:24:00,0.066,0.0301029996659,0.0,0,-0.22,-0.11,-0.11
2014-04-05 08:34:00,0.134,0.0301029996659,0.0,0,-0.22,-0.11,-0.11
2014-04-05 08:44:00,0.066,0.0301029996659,0.0,0,-0.22,-0.11,-0.11
2014-04-05 08:54:00,0.066,0.0301029996659,0.0,0,-0.22,-0.11,-0.11
2014-04-05 09:04:00,0.066,0.0301029996659,0.0,0,-0.22,-0.11,-0.11
2014-04-05 09:14:00,0.134,0.0301029996659,0.0,0,-0.22,-0.11,-0.11
2014-04-05 09:24:00,0.066,0.0301029996659,0.0,0,-0.22,-0.11,-0.11
2014-04-05 09:34:00,0.134,0.0301029996659,0.0,0,-0.22,-0.11,-0.11
2014-04-05 09:44:00,0.066,0.0301029996659,0.0,0,-0.22,-0.11,-0.11
2014-04-05 09:54:00,0.066,0.0301029996659,0.0,0,-0.22,-0.11,-0.11
2014-04-05 10:04:00,0.066,0.0301029996659,0.0,0,-0.22,-0.11,-0.11
2014-04-05 10:14:00,0.132,0.0301029996659,0.0,0,-0.22,-0.11,-0.11
2014-04-05 10:24:00,0.068,0.0301029996659,0.0,0,-0.22,-0.11,-0.11
2014-04-05 10:34:00,0.066,0.0301029996659,0.0,0,-0.22,-0.11,-0.11
2014-04-05 10:44:00,0.066,0.0301029996659,0.0,0,-0.22,-0.11,-0.11
2014-04-05 10:54:00,0.066,0.0301029996659,0.0,0,-0.22,-0.11,-0.11
2014-04-05 11:04:00,0.066,0.0301029996659,0.0,0,-0.22,-0.11,-0.11
2014-04-05 11:14:00,0.066,0.0301029996659,0.0,0,-0.22,-0.11,-0.11
2014-04-05 11:24:00,0.066,0.0301029996659,0.0,0,-0.22,-0.11,-0.11
2014-04-05 11:34:00,0.066,0.0301029996659,0.0,0,-0.22,-0.11,-0.11
2014-04-05 11:44:00,0.068,0.0301029996659,0.0,0,-0.22,-0.11,-0.11
2014-04-05 11:54:00,0.066,0.0301029996659,0.0,0,-0.22,-0.11,-0.11
2014-04-05 12:04:00,0.068,0.0301029996659,0.0,0,-0.22,-0.11,-0.11
2014-04-05 12:14:00,0.068,0.0301029996659,0.0,0,-0.22,-0.11,-0.11
2014-04-05 12:24:00,0.068,0.0301029996659,0.0,0,-0.22,-0.11,-0.11
2014-04-05 12:34:00,0.068,0.0301029996659,0.0,0,-0.22,-0.11,-0.11
2014-04-05 12:44:00,0.132,0.0301029996659,0.0,0,-0.22,-0.11,-0.11
2014-04-05 12:54:00,0.066,0.0301029996659,0.0,0,-0.22,-0.11,-0.11
2014-04-05 13:04:00,0.066,0.0301029996659,0.0,0,-0.22,-0.11,-0.11
2014-04-05 13:14:00,0.066,0.0301029996659,0.0,0,-0.22,-0.11,-0.11
2014-04-05 13:24:00,0.066,0.0301029996659,0.0,0,-0.22,-0.11,-0.11
2014-04-05 13:34:00,0.066,0.0301029996659,0.0,0,-0.22,-0.11,-0.11
2014-04-05 13:44:00,0.066,0.0301029996659,0.0,0,-0.22,-0.11,-0.11
2014-04-05 13:54:00,0.068,0.0301029996659,0.0,0,-0.22,-0.11,-0.11
2014-04-05 14:04:00,0.068,0.0301029996659,0.0,0,-0.22,-0.11,-0.11
2014-04-05 14:14:00,0.066,0.0301029996659,0.0,0,-0.22,-0.11,-0.11
2014-04-05 14:24:00,0.066,0.0301029996659,0.0,0,-0.22,-0.11,-0.11
2014-04-05 14:34:00,0.068,0.0301029996659,0.0,0,-0.22,-0.11,-0.11
2014-04-05 14:44:00,0.136,0.0301029996659,0.0,0,-0.22,-0.11,-0.11
2014-04-05 14:54:00,0.066,0.0301029996659,0.0,0,-0.22,-0.11,-0.11
2014-04-05 15:04:00,0.066,0.0301029996659,0.0,0,-0.22,-0.11,-0.11
2014-04-05 15:14:00,0.066,0.0301029996659,0.0,0,-0.22,-0.11,-0.11
2014-04-05 15:24:00,0.066,0.0301029996659,0.0,0,-0.22,-0.11,-0.11
2014-04-05 15:34:00,0.066,0.0301029996659,0.0,0,-0.22,-0.11,-0.11
2014-04-05 15:44:00,0.066,0.0301029996659,0.0,0,-0.22,-0.11,-0.11
2014-04-05 15:54:00,0.134,0.0301029996659,0.0,0,-0.22,-0.11,-0.11
2014-04-05 16:04:00,0.068,0.0301029996659,0.0,0,-0.22,-0.11,-0.11
2014-04-05 16:14:00,0.066,0.0301029996659,0.0,0,-0.22,-0.11,-0.11
2014-04-05 16:24:00,0.068,0.0301029996659,0.0,0,-0.22,-0.11,-0.11
2014-04-05 16:34:00,0.066,0.0301029996659,0.0,0,-0.22,-0.11,-0.11
2014-04-05 16:44:00,0.068,0.0301029996659,0.0,0,-0.22,-0.11,-0.11
2014-04-05 16:54:00,0.068,0.0301029996659,0.0,0,-0.22,-0.11,-0.11
2014-04-05 17:04:00,0.066,0.0301029996659,0.0,0,-0.22,-0.11,-0.11
2014-04-05 17:14:00,0.068,0.0301029996659,0.0,0,-0.22,-0.11,-0.11
2014-04-05 17:24:00,0.068,0.0301029996659,0.0,0,-0.22,-0.11,-0.11
2014-04-05 17:34:00,0.066,0.0301029996659,0.0,0,-0.22,-0.11,-0.11
2014-04-05 17:44:00,0.066,0.0301029996659,0.0,0,-0.22,-0.11,-0.11
2014-04-05 17:54:00,0.066,0.0301029996659,0.0,0,-0.22,-0.11,-0.11
2014-04-05 18:04:00,0.066,0.0301029996659,0.0,0,-0.22,-0.11,-0.11
2014-04-05 18:14:00,0.134,0.0301029996659,0.0,0,-0.22,-0.11,-0.11
2014-04-05 18:24:00,0.068,0.0301029996659,0.0,0,-0.22,-0.11,-0.11
2014-04-05 18:34:00,0.066,0.0301029996659,0.0,0,-0.22,-0.11,-0.11
2014-04-05 18:44:00,0.066,0.0301029996659,0.0,0,-0.22,-0.11,-0.11
2014-04-05 18:54:00,0.066,0.0301029996659,0.0,0,-0.22,-0.11,-0.11
2014-04-05 19:04:00,0.066,0.0301029996659,0.0,0,-0.22,-0.11,-0.11
2014-04-05 19:14:00,0.066,0.0301029996659,0.0,0,-0.22,-0.11,-0.11
2014-04-05 19:24:00,0.066,0.0301029996659,0.0,0,-0.22,-0.11,-0.11
2014-04-05 19:34:00,0.066,0.0301029996659,0.0,0,-0.22,-0.11,-0.11
2014-04-05 19:44:00,0.132,0.0301029996659,0.0,0,-0.22,-0.11,-0.11
2014-04-05 19:54:00,0.066,0.0301029996659,0.0,0,-0.22,-0.11,-0.11
2014-04-05 20:04:00,0.066,0.0301029996659,0.0,0,-0.22,-0.11,-0.11
2014-04-05 20:14:00,0.066,0.0301029996659,0.0,0,-0.22,-0.11,-0.11
2014-04-05 20:24:00,0.136,0.0301029996659,0.0,0,-0.22,-0.11,-0.11
2014-04-05 20:34:00,0.066,0.0301029996659,0.0,0,-0.22,-0.11,-0.11
2014-04-05 20:44:00,0.066,0.0301029996659,0.0,0,-0.22,-0.11,-0.11
2014-04-05 20:54:00,0.066,0.0301029996659,0.0,0,-0.22,-0.11,-0.11
2014-04-05 21:04:00,0.132,0.0301029996659,0.0,0,-0.22,-0.11,-0.11
2014-04-05 21:14:00,0.068,0.0301029996659,0.0,0,-0.22,-0.11,-0.11
2014-04-05 21:24:00,0.066,0.0301029996659,0.0,0,-0.22,-0.11,-0.11
2014-04-05 21:34:00,0.066,0.0301029996659,0.0,0,-0.22,-0.11,-0.11
2014-04-05 21:44:00,0.066,0.0301029996659,0.0,0,-0.22,-0.11,-0.11
2014-04-05 21:54:00,0.068,0.0301029996659,0.0,0,-0.22,-0.11,-0.11
2014-04-05 22:04:00,0.134,0.0301029996659,0.0,0,-0.22,-0.11,-0.11
2014-04-05 22:14:00,0.066,0.0301029996659,0.0,0,-0.22,-0.11,-0.11
2014-04-05 22:24:00,0.134,0.0301029996659,0.0,0,-0.22,-0.11,-0.11
2014-04-05 22:34:00,0.066,0.0301029996659,0.0,0,-0.22,-0.11,-0.11
2014-04-05 22:44:00,0.068,0.0301029996659,0.0,0,-0.22,-0.11,-0.11
2014-04-05 22:54:00,0.066,0.0301029996659,0.0,0,-0.22,-0.11,-0.11
2014-04-05 23:04:00,0.066,0.0301029996659,0.0,0,-0.22,-0.11,-0.11
2014-04-05 23:14:00,0.066,0.0301029996659,0.0,0,-0.22,-0.11,-0.11
2014-04-05 23:24:00,0.132,0.0301029996659,0.0,0,-0.22,-0.11,-0.11
2014-04-05 23:34:00,0.066,0.0301029996659,0.0,0,-0.22,-0.11,-0.11
2014-04-05 23:44:00,0.134,0.0301029996659,0.0,0,-0.22,-0.11,-0.11
2014-04-05 23:54:00,0.062,0.0301029996659,0.0,0,-0.22,-0.11,-0.11
2014-04-06 00:04:00,0.066,0.0301029996659,0.0,0,-0.22,-0.11,-0.11
2014-04-06 00:14:00,0.068,0.0301029996659,0.0,0,-0.22,-0.11,-0.11
2014-04-06 00:24:00,0.134,0.0301029996659,0.0,0,-0.22,-0.11,-0.11
2014-04-06 00:34:00,0.066,0.0301029996659,0.025,0,-0.22,-0.11,-0.11
2014-04-06 00:44:00,0.132,0.0301029996659,0.0,0,-0.22,-0.11,-0.11
2014-04-06 00:54:00,0.066,0.0301029996659,0.0,0,-0.22,-0.11,-0.11
2014-04-06 01:04:00,0.066,0.0301029996659,0.0,0,-0.22,-0.11,-0.11
2014-04-06 01:14:00,0.134,0.0301029996659,0.0,0,-0.22,-0.11,-0.11
2014-04-06 01:24:00,0.068,0.0301029996659,0.0,0,-0.22,-0.11,-0.11
2014-04-06 01:34:00,0.134,0.0301029996659,0.0,0,-0.22,-0.11,-0.11
2014-04-06 01:44:00,0.066,0.0301029996659,0.0,0,-0.22,-0.11,-0.11
2014-04-06 01:54:00,0.132,0.0301029996659,0.0,0,-0.22,-0.11,-0.11
2014-04-06 02:04:00,0.068,0.0301029996659,0.0,0,-0.22,-0.11,-0.11
2014-04-06 02:14:00,0.068,0.0301029996659,0.0,0,-0.22,-0.11,-0.11
2014-04-06 02:24:00,0.066,0.0301029996659,0.0,0,-0.22,-0.11,-0.11
2014-04-06 02:34:00,0.066,0.0301029996659,0.0,0,-0.22,-0.11,-0.11
2014-04-06 02:44:00,0.066,0.0301029996659,0.0,0,-0.22,-0.11,-0.11
2014-04-06 02:54:00,0.068,0.0301029996659,0.0,0,-0.22,-0.11,-0.11
2014-04-06 03:04:00,0.066,0.0301029996659,0.0,0,-0.22,-0.11,-0.11
2014-04-06 03:14:00,0.132,0.0301029996659,0.0,0,-0.22,-0.11,-0.11
2014-04-06 03:24:00,0.068,0.0301029996659,0.0,0,-0.22,-0.11,-0.11
2014-04-06 03:34:00,0.066,0.0301029996659,0.0,0,-0.22,-0.11,-0.11
2014-04-06 03:44:00,1.468,1.0,0.0,0,-0.22,-0.11,-0.11
2014-04-06 03:54:00,0.068,0.0301029996659,0.0,0,-0.22,-0.11,-0.11
2014-04-06 04:04:00,0.132,0.0301029996659,0.0,0,-0.22,-0.11,-0.11
2014-04-06 04:14:00,0.066,0.0301029996659,0.0,0,-0.22,-0.11,-0.11
2014-04-06 04:24:00,0.066,0.0301029996659,0.0,0,-0.22,-0.11,-0.11
2014-04-06 04:34:00,0.066,0.0301029996659,0.0,0,-0.22,-0.11,-0.11
2014-04-06 04:44:00,0.066,0.0301029996659,0.0,0,-0.22,-0.11,-0.11
2014-04-06 04:54:00,0.066,0.0301029996659,0.0,0,-0.22,-0.11,-0.11
2014-04-06 05:04:00,0.066,0.0301029996659,0.0,0,-0.22,-0.11,-0.11
2014-04-06 05:14:00,0.134,0.0301029996659,0.0,0,-0.22,-0.11,-0.11
2014-04-06 05:24:00,0.066,0.0301029996659,0.0,0,-0.22,-0.11,-0.11
2014-04-06 05:34:00,0.066,0.0301029996659,0.0,0,-0.22,-0.11,-0.11
2014-04-06 05:44:00,0.068,0.0301029996659,0.0,0,-0.22,-0.11,-0.11
2014-04-06 05:54:00,0.066,0.0301029996659,0.0,0,-0.22,-0.11,-0.11
2014-04-06 06:04:00,0.066,0.0301029996659,0.0,0,-0.22,-0.11,-0.11
2014-04-06 06:14:00,0.066,0.0301029996659,0.0,0,-0.22,-0.11,-0.11
2014-04-06 06:24:00,0.066,0.0301029996659,0.0,0,-0.22,-0.11,-0.11
2014-04-06 06:34:00,0.066,0.0301029996659,0.0,0,-0.22,-0.11,-0.11
2014-04-06 06:44:00,0.134,0.0301029996659,0.0,0,-0.22,-0.11,-0.11
2014-04-06 06:54:00,0.066,0.0301029996659,0.0,0,-0.22,-0.11,-0.11
2014-04-06 07:04:00,0.066,0.0301029996659,0.0,0,-0.22,-0.11,-0.11
2014-04-06 07:14:00,0.066,0.0301029996659,0.0,0,-0.22,-0.11,-0.11
2014-04-06 07:24:00,0.134,0.0301029996659,0.0,0,-0.22,-0.11,-0.11
2014-04-06 07:34:00,0.066,0.0301029996659,0.0,0,-0.22,-0.11,-0.11
2014-04-06 07:44:00,0.068,0.0301029996659,0.0,0,-0.22,-0.11,-0.11
2014-04-06 07:54:00,0.066,0.0301029996659,0.0,0,-0.22,-0.11,-0.11
2014-04-06 08:04:00,0.132,0.0301029996659,0.0,0,-0.22,-0.11,-0.11
2014-04-06 08:14:00,0.066,0.0301029996659,0.0,0,-0.22,-0.11,-0.11
2014-04-06 08:24:00,0.066,0.0301029996659,0.0,0,-0.22,-0.11,-0.11
2014-04-06 08:34:00,0.068,0.0301029996659,0.0,0,-0.22,-0.11,-0.11
2014-04-06 08:44:00,0.068,0.0301029996659,0.0,0,-0.22,-0.11,-0.11
2014-04-06 08:54:00,0.134,0.0301029996659,0.0,0,-0.22,-0.11,-0.11
2014-04-06 09:04:00,0.066,0.0301029996659,0.0,0,-0.22,-0.11,-0.11
2014-04-06 09:14:00,0.068,0.0301029996659,0.0,0,-0.22,-0.11,-0.11
2014-04-06 09:24:00,0.066,0.0301029996659,0.0,0,-0.22,-0.11,-0.11
2014-04-06 09:34:00,0.132,0.0301029996659,0.0,0,-0.22,-0.11,-0.11
2014-04-06 09:44:00,0.066,0.0301029996659,0.0,0,-0.22,-0.11,-0.11
2014-04-06 09:54:00,0.068,0.0301029996659,0.0,0,-0.22,-0.11,-0.11
2014-04-06 10:04:00,0.066,0.0301029996659,0.0,0,-0.22,-0.11,-0.11
2014-04-06 10:14:00,0.132,0.0301029996659,0.0,0,-0.22,-0.11,-0.11
2014-04-06 10:24:00,0.068,0.0301029996659,0.0,0,-0.22,-0.11,-0.11
2014-04-06 10:34:00,0.066,0.0301029996659,0.0,0,-0.22,-0.11,-0.11
2014-04-06 10:44:00,0.066,0.0301029996659,0.0,0,-0.22,-0.11,-0.11
2014-04-06 10:54:00,0.066,0.0301029996659,0.0,0,-0.22,-0.11,-0.11
2014-04-06 11:04:00,0.066,0.0301029996659,0.0,0,-0.22,-0.11,-0.11
2014-04-06 11:14:00,0.066,0.0301029996659,0.0,0,-0.22,-0.11,-0.11
2014-04-06 11:24:00,0.066,0.0301029996659,0.0,0,-0.22,-0.11,-0.11
2014-04-06 11:34:00,0.068,0.0301029996659,0.0,0,-0.22,-0.11,-0.11
2014-04-06 11:44:00,0.066,0.0301029996659,0.0,0,-0.22,-0.11,-0.11
2014-04-06 11:54:00,0.066,0.0301029996659,0.0,0,-0.22,-0.11,-0.11
2014-04-06 12:04:00,0.134,0.0301029996659,0.0,0,-0.22,-0.11,-0.11
2014-04-06 12:14:00,0.066,0.0301029996659,0.0,0,-0.22,-0.11,-0.11
2014-04-06 12:24:00,0.134,0.0301029996659,0.0,0,-0.22,-0.11,-0.11
2014-04-06 12:34:00,0.068,0.0301029996659,0.0,0,-0.22,-0.11,-0.11
2014-04-06 12:44:00,0.066,0.0301029996659,0.0,0,-0.22,-0.11,-0.11
2014-04-06 12:54:00,0.068,0.0301029996659,0.0,0,-0.22,-0.11,-0.11
2014-04-06 13:04:00,0.134,0.0301029996659,0.0,0,-0.22,-0.11,-0.11
2014-04-06 13:14:00,0.066,0.0301029996659,0.0,0,-0.22,-0.11,-0.11
2014-04-06 13:24:00,0.068,0.0301029996659,0.0,0,-0.22,-0.11,-0.11
2014-04-06 13:34:00,0.066,0.0301029996659,0.0,0,-0.22,-0.11,-0.11
2014-04-06 13:44:00,0.066,0.0301029996659,0.0,0,-0.22,-0.11,-0.11
2014-04-06 13:54:00,0.132,0.0301029996659,0.0,0,-0.22,-0.11,-0.11
2014-04-06 14:04:00,0.068,0.0301029996659,0.0,0,-0.22,-0.11,-0.11
2014-04-06 14:14:00,0.134,0.0301029996659,0.0,0,-0.22,-0.11,-0.11
2014-04-06 14:24:00,0.066,0.0301029996659,0.0,0,-0.22,-0.11,-0.11
2014-04-06 14:34:00,0.136,0.0301029996659,0.0,0,-0.22,-0.11,-0.11
2014-04-06 14:44:00,0.068,0.0301029996659,0.0,0,-0.22,-0.11,-0.11
2014-04-06 14:54:00,0.134,0.0301029996659,0.0,0,-0.22,-0.11,-0.11
2014-04-06 15:04:00,0.068,0.0301029996659,0.0,0,-0.22,-0.11,-0.11
2014-04-06 15:14:00,0.134,0.0301029996659,0.0,0,-0.22,-0.11,-0.11
2014-04-06 15:24:00,0.068,0.0301029996659,0.0,0,-0.22,-0.11,-0.11
2014-04-06 15:34:00,0.066,0.0301029996659,0.0,0,-0.22,-0.11,-0.11
2014-04-06 15:44:00,0.066,0.0301029996659,0.0,0,-0.22,-0.11,-0.11
2014-04-06 15:54:00,0.068,0.0301029996659,0.0,0,-0.22,-0.11,-0.11
2014-04-06 16:04:00,0.066,0.0301029996659,0.0,0,-0.22,-0.11,-0.11
2014-04-06 16:14:00,0.066,0.0301029996659,0.0,0,-0.22,-0.11,-0.11
2014-04-06 16:24:00,0.068,0.0301029996659,0.0,0,-0.22,-0.11,-0.11
2014-04-06 16:34:00,0.066,0.0301029996659,0.0,0,-0.22,-0.11,-0.11
2014-04-06 16:44:00,0.134,0.0301029996659,0.0,0,-0.22,-0.11,-0.11
2014-04-06 16:54:00,0.066,0.0301029996659,0.0,0,-0.22,-0.11,-0.11
2014-04-06 17:04:00,0.068,0.0301029996659,0.0,0,-0.22,-0.11,-0.11
2014-04-06 17:14:00,0.066,0.0301029996659,0.0,0,-0.22,-0.11,-0.11
2014-04-06 17:24:00,0.132,0.0301029996659,0.0,0,-0.22,-0.11,-0.11
2014-04-06 17:34:00,0.066,0.0301029996659,0.0,0,-0.22,-0.11,-0.11
2014-04-06 17:44:00,0.134,0.0301029996659,0.0,0,-0.22,-0.11,-0.11
2014-04-06 17:54:00,0.068,0.0301029996659,0.0,0,-0.22,-0.11,-0.11
2014-04-06 18:04:00,0.068,0.0301029996659,0.0,0,-0.22,-0.11,-0.11
2014-04-06 18:14:00,0.066,0.0301029996659,0.0,0,-0.22,-0.11,-0.11
2014-04-06 18:24:00,0.066,0.0301029996659,0.0,0,-0.22,-0.11,-0.11
2014-04-06 18:34:00,0.066,0.0301029996659,0.0,0,-0.22,-0.11,-0.11
2014-04-06 18:44:00,0.066,0.0301029996659,0.0,0,-0.22,-0.11,-0.11
2014-04-06 18:54:00,0.134,0.0301029996659,0.0,0,-0.22,-0.11,-0.11
2014-04-06 19:04:00,0.066,0.0301029996659,0.0,0,-0.22,-0.11,-0.11
2014-04-06 19:14:00,0.068,0.138058545864,0.0,0,-0.22,-0.11,-0.11
2014-04-06 19:24:00,0.068,0.138058545864,0.0,0,-0.22,-0.11,-0.11
2014-04-06 19:34:00,0.066,0.138058545864,0.0,0,-0.22,-0.11,-0.11
2014-04-06 19:44:00,0.066,0.138058545864,0.0,0,-0.22,-0.11,-0.11
2014-04-06 19:54:00,0.066,0.138058545864,0.0,0,-0.22,-0.11,-0.11
2014-04-06 20:04:00,0.068,0.138058545864,0.0,0,-0.22,-0.11,-0.11
2014-04-06 20:14:00,0.066,0.138058545864,0.0,0,-0.22,-0.11,-0.11
2014-04-06 20:24:00,0.066,0.138058545864,0.0,0,-0.22,-0.11,-0.11
2014-04-06 20:34:00,0.132,0.138058545864,0.0,0,-0.22,-0.11,-0.11
2014-04-06 20:44:00,0.066,0.138058545864,0.0,0,-0.22,-0.11,-0.11
2014-04-06 20:54:00,0.068,0.138058545864,0.0,0,-0.22,-0.11,-0.11
2014-04-06 21:04:00,0.066,0.138058545864,0.0,0,-0.22,-0.11,-0.11
2014-04-06 21:14:00,0.066,0.138058545864,0.0,0,-0.22,-0.11,-0.11
2014-04-06 21:24:00,0.066,0.138058545864,0.0,0,-0.22,-0.11,-0.11
2014-04-06 21:34:00,0.066,0.138058545864,0.0,0,-0.22,-0.11,-0.11
2014-04-06 21:44:00,0.066,0.138058545864,0.0,0,-0.22,-0.11,-0.11
2014-04-06 21:54:00,0.066,0.138058545864,0.0,0,-0.22,-0.11,-0.11
2014-04-06 22:04:00,0.066,0.138058545864,0.0,0,-0.22,-0.11,-0.11
2014-04-06 22:14:00,0.066,0.138058545864,0.0,0,-0.22,-0.11,-0.11
2014-04-06 22:24:00,0.068,0.138058545864,0.0,0,-0.22,-0.11,-0.11
2014-04-06 22:34:00,0.068,0.138058545864,0.0,0,-0.22,-0.11,-0.11
2014-04-06 22:44:00,0.136,0.138058545864,0.0,0,-0.22,-0.11,-0.11
2014-04-06 22:54:00,0.068,0.138058545864,0.0,0,-0.22,-0.11,-0.11
2014-04-06 23:04:00,0.066,0.138058545864,0.0,0,-0.22,-0.11,-0.11
2014-04-06 23:14:00,0.066,0.138058545864,0.0,0,-0.22,-0.11,-0.11
2014-04-06 23:24:00,0.066,0.138058545864,0.0,0,-0.22,-0.11,-0.11
2014-04-06 23:34:00,0.066,0.138058545864,0.0,0,-0.22,-0.11,-0.11
2014-04-06 23:44:00,0.066,0.138058545864,0.0,0,-0.22,-0.11,-0.11
2014-04-06 23:54:00,0.066,0.138058545864,0.0,0,-0.22,-0.11,-0.11
2014-04-07 00:04:00,0.066,0.138058545864,0.0,0,-0.22,-0.11,-0.11
2014-04-07 00:14:00,0.202,0.125046560828,0.025,0,-0.22,-0.11,-0.11
2014-04-07 00:24:00,0.066,0.125046560828,0.0,0,-0.22,-0.11,-0.11
2014-04-07 00:34:00,0.068,0.125046560828,0.0,0,-0.22,-0.11,-0.11
2014-04-07 00:44:00,0.066,0.125046560828,0.0,0,-0.22,-0.11,-0.11
2014-04-07 00:54:00,0.066,0.125046560828,0.0,0,-0.22,-0.11,-0.11
2014-04-07 01:04:00,0.066,0.125046560828,0.0,0,-0.22,-0.11,-0.11
2014-04-07 01:14:00,0.132,0.125046560828,0.0,0,-0.22,-0.11,-0.11
2014-04-07 01:24:00,0.066,0.125046560828,0.0,0,-0.22,-0.11,-0.11
2014-04-07 01:34:00,0.066,0.125046560828,0.0,0,-0.22,-0.11,-0.11
2014-04-07 01:44:00,0.066,0.125046560828,0.0,0,-0.22,-0.11,-0.11
2014-04-07 01:54:00,0.068,0.138058545864,0.0,0,-0.22,-0.11,-0.11
2014-04-07 02:04:00,0.066,0.138058545864,0.0,0,-0.22,-0.11,-0.11
2014-04-07 02:14:00,0.136,0.138058545864,0.0,0,-0.22,-0.11,-0.11
2014-04-07 02:24:00,0.066,0.138058545864,0.0,0,-0.22,-0.11,-0.11
2014-04-07 02:34:00,0.066,0.138058545864,0.0,0,-0.22,-0.11,-0.11
2014-04-07 02:44:00,0.068,0.138058545864,0.0,0,-0.22,-0.11,-0.11
2014-04-07 02:54:00,0.066,0.138058545864,0.0,0,-0.22,-0.11,-0.11
2014-04-07 03:04:00,0.066,0.138058545864,0.0,0,-0.22,-0.11,-0.11
2014-04-07 03:14:00,1.402,0.125046560828,0.025,0,-0.22,-0.11,-0.11
2014-04-07 03:24:00,0.066,0.125046560828,0.0,0,-0.22,-0.11,-0.11
2014-04-07 03:34:00,0.066,0.125046560828,0.0,0,-0.22,-0.11,-0.11
2014-04-07 03:44:00,0.066,0.125046560828,0.0,0,-0.22,-0.11,-0.11
2014-04-07 03:54:00,0.066,0.125046560828,0.0,0,-0.22,-0.11,-0.11
2014-04-07 04:04:00,0.136,0.125046560828,0.0,0,-0.22,-0.11,-0.11
2014-04-07 04:14:00,0.066,0.125046560828,0.0,0,-0.22,-0.11,-0.11
2014-04-07 04:24:00,0.066,0.125046560828,0.0,0,-0.22,-0.11,-0.11
2014-04-07 04:34:00,0.066,0.125046560828,0.0,0,-0.22,-0.11,-0.11
2014-04-07 04:44:00,0.066,0.125046560828,0.0,0,-0.22,-0.11,-0.11
2014-04-07 04:54:00,0.134,0.138058545864,0.0,0,-0.22,-0.11,-0.11
2014-04-07 05:04:00,0.066,0.138058545864,0.0,0,-0.22,-0.11,-0.11
2014-04-07 05:14:00,0.066,0.138058545864,0.0,0,-0.22,-0.11,-0.11
2014-04-07 05:24:00,0.066,0.138058545864,0.0,0,-0.22,-0.11,-0.11
2014-04-07 05:34:00,0.134,0.138058545864,0.0,0,-0.22,-0.11,-0.11
2014-04-07 05:44:00,0.066,0.138058545864,0.0,0,-0.22,-0.11,-0.11
2014-04-07 05:54:00,0.066,0.138058545864,0.0,0,-0.22,-0.11,-0.11
2014-04-07 06:04:00,0.066,0.138058545864,0.0,0,-0.22,-0.11,-0.11
2014-04-07 06:14:00,0.068,0.138058545864,0.0,0,-0.22,-0.11,-0.11
2014-04-07 06:24:00,0.066,0.138058545864,0.0,0,-0.22,-0.11,-0.11
2014-04-07 06:34:00,0.066,0.138058545864,0.0,0,-0.22,-0.11,-0.11
2014-04-07 06:44:00,0.132,0.138058545864,0.0,0,-0.22,-0.11,-0.11
2014-04-07 06:54:00,0.068,0.138058545864,0.0,0,-0.22,-0.11,-0.11
2014-04-07 07:04:00,0.068,0.138058545864,0.0,0,-0.22,-0.11,-0.11
2014-04-07 07:14:00,0.068,0.138058545864,0.0,0,-0.22,-0.11,-0.11
2014-04-07 07:24:00,0.134,0.138058545864,0.0,0,-0.22,-0.11,-0.11
2014-04-07 07:34:00,0.068,0.138058545864,0.0,0,-0.22,-0.11,-0.11
2014-04-07 07:44:00,0.066,0.138058545864,0.0,0,-0.22,-0.11,-0.11
2014-04-07 07:54:00,0.066,0.138058545864,0.0,0,-0.22,-0.11,-0.11
2014-04-07 08:04:00,0.134,0.138058545864,0.0,0,-0.22,-0.11,-0.11
2014-04-07 08:14:00,0.068,0.138058545864,0.0,0,-0.22,-0.11,-0.11
2014-04-07 08:24:00,0.066,0.138058545864,0.0,0,-0.22,-0.11,-0.11
2014-04-07 08:34:00,0.066,0.138058545864,0.0,0,-0.22,-0.11,-0.11
2014-04-07 08:44:00,0.068,0.138058545864,0.0,0,-0.22,-0.11,-0.11
2014-04-07 08:54:00,0.132,0.138058545864,0.0,0,-0.22,-0.11,-0.11
2014-04-07 09:04:00,0.068,0.138058545864,0.0,0,-0.22,-0.11,-0.11
2014-04-07 09:14:00,0.132,0.138058545864,0.0,0,-0.22,-0.11,-0.11
2014-04-07 09:24:00,0.066,0.138058545864,0.0,0,-0.22,-0.11,-0.11
2014-04-07 09:34:00,0.198,0.138058545864,0.0,0,-0.22,-0.11,-0.11
2014-04-07 09:44:00,0.068,0.138058545864,0.0,0,-0.22,-0.11,-0.11
2014-04-07 09:54:00,0.068,0.138058545864,0.0,0,-0.22,-0.11,-0.11
2014-04-07 10:04:00,0.066,0.138058545864,0.0,0,-0.22,-0.11,-0.11
2014-04-07 10:14:00,0.066,0.138058545864,0.0,0,-0.22,-0.11,-0.11
2014-04-07 10:24:00,0.066,0.138058545864,0.0,0,-0.22,-0.11,-0.11
2014-04-07 10:34:00,0.068,0.138058545864,0.0,0,-0.22,-0.11,-0.11
2014-04-07 10:44:00,0.132,0.138058545864,0.0,0,-0.22,-0.11,-0.11
2014-04-07 10:54:00,0.068,0.138058545864,0.0,0,-0.22,-0.11,-0.11
2014-04-07 11:04:00,0.066,0.138058545864,0.0,0,-0.22,-0.11,-0.11
2014-04-07 11:14:00,0.066,0.138058545864,0.0,0,-0.22,-0.11,-0.11
2014-04-07 11:24:00,0.132,0.138058545864,0.0,0,-0.22,-0.11,-0.11
2014-04-07 11:34:00,0.066,0.138058545864,0.0,0,-0.22,-0.11,-0.11
2014-04-07 11:44:00,0.068,0.138058545864,0.0,0,-0.22,-0.11,-0.11
2014-04-07 11:54:00,0.066,0.138058545864,0.0,0,-0.22,-0.11,-0.11
2014-04-07 12:04:00,0.134,0.138058545864,0.0,0,-0.22,-0.11,-0.11
2014-04-07 12:14:00,0.066,0.138058545864,0.0,0,-0.22,-0.11,-0.11
2014-04-07 12:24:00,0.066,0.138058545864,0.0,0,-0.22,-0.11,-0.11
2014-04-07 12:34:00,0.066,0.138058545864,0.0,0,-0.22,-0.11,-0.11
2014-04-07 12:44:00,0.066,0.138058545864,0.0,0,-0.22,-0.11,-0.11
2014-04-07 12:54:00,0.134,0.138058545864,0.0,0,-0.22,-0.11,-0.11
2014-04-07 13:04:00,0.132,0.138058545864,0.0,0,-0.22,-0.11,-0.11
2014-04-07 13:14:00,0.066,0.138058545864,0.0,0,-0.22,-0.11,-0.11
2014-04-07 13:24:00,0.066,0.138058545864,0.0,0,-0.22,-0.11,-0.11
2014-04-07 13:34:00,0.066,0.138058545864,0.0,0,-0.22,-0.11,-0.11
2014-04-07 13:44:00,0.066,0.138058545864,0.0,0,-0.22,-0.11,-0.11
2014-04-07 13:54:00,0.134,0.138058545864,0.0,0,-0.22,-0.11,-0.11
2014-04-07 14:04:00,0.134,0.138058545864,0.0,0,-0.22,-0.11,-0.11
2014-04-07 14:14:00,0.068,0.138058545864,0.0,0,-0.22,-0.11,-0.11
2014-04-07 14:24:00,0.066,0.138058545864,0.0,0,-0.22,-0.11,-0.11
2014-04-07 14:34:00,0.066,0.138058545864,0.0,0,-0.22,-0.11,-0.11
2014-04-07 14:44:00,0.068,0.138058545864,0.0,0,-0.22,-0.11,-0.11
2014-04-07 14:54:00,0.068,0.138058545864,0.0,0,-0.22,-0.11,-0.11
2014-04-07 15:04:00,0.134,0.138058545864,0.0,0,-0.22,-0.11,-0.11
2014-04-07 15:14:00,0.068,0.138058545864,0.0,0,-0.22,-0.11,-0.11
2014-04-07 15:24:00,0.066,0.138058545864,0.0,0,-0.22,-0.11,-0.11
2014-04-07 15:34:00,0.066,0.138058545864,0.0,0,-0.22,-0.11,-0.11
2014-04-07 15:44:00,0.066,0.138058545864,0.0,0,-0.22,-0.11,-0.11
2014-04-07 15:54:00,0.136,0.138058545864,0.0,0,-0.22,-0.11,-0.11
2014-04-07 16:04:00,0.066,0.138058545864,0.0,0,-0.22,-0.11,-0.11
2014-04-07 16:14:00,0.066,0.138058545864,0.0,0,-0.22,-0.11,-0.11
2014-04-07 16:24:00,0.068,0.138058545864,0.0,0,-0.22,-0.11,-0.11
2014-04-07 16:34:00,0.136,0.138058545864,0.0,0,-0.22,-0.11,-0.11
2014-04-07 16:44:00,0.066,0.138058545864,0.0,0,-0.22,-0.11,-0.11
2014-04-07 16:54:00,0.066,0.138058545864,0.0,0,-0.22,-0.11,-0.11
2014-04-07 17:04:00,0.066,0.138058545864,0.0,0,-0.22,-0.11,-0.11
2014-04-07 17:14:00,0.134,0.138058545864,0.0,0,-0.22,-0.11,-0.11
2014-04-07 17:24:00,0.066,0.138058545864,0.0,0,-0.22,-0.11,-0.11
2014-04-07 17:34:00,0.066,0.138058545864,0.0,0,-0.22,-0.11,-0.11
2014-04-07 17:44:00,0.066,0.138058545864,0.0,0,-0.22,-0.11,-0.11
2014-04-07 17:54:00,0.132,0.138058545864,0.0,0,-0.22,-0.11,-0.11
2014-04-07 18:04:00,0.066,0.138058545864,0.0,0,-0.22,-0.11,-0.11
2014-04-07 18:14:00,0.134,0.138058545864,0.0,0,-0.22,-0.11,-0.11
2014-04-07 18:24:00,0.068,0.138058545864,0.0,0,-0.22,-0.11,-0.11
2014-04-07 18:34:00,0.066,0.138058545864,0.0,0,-0.22,-0.11,-0.11
2014-04-07 18:44:00,0.066,0.138058545864,0.0,0,-0.22,-0.11,-0.11
2014-04-07 18:54:00,0.134,0.138058545864,0.0,0,-0.22,-0.11,-0.11
2014-04-07 19:04:00,0.066,0.138058545864,0.0,0,-0.22,-0.11,-0.11
2014-04-07 19:14:00,0.066,0.138058545864,0.0,0,-0.22,-0.11,-0.11
2014-04-07 19:24:00,0.068,0.138058545864,0.0,0,-0.22,-0.11,-0.11
2014-04-07 19:34:00,0.134,0.138058545864,0.0,0,-0.22,-0.11,-0.11
2014-04-07 19:44:00,0.066,0.138058545864,0.0,0,-0.22,-0.11,-0.11
2014-04-07 19:54:00,0.132,0.138058545864,0.0,0,-0.22,-0.11,-0.11
2014-04-07 20:04:00,0.068,0.138058545864,0.0,0,-0.22,-0.11,-0.11
2014-04-07 20:14:00,0.134,0.138058545864,0.0,0,-0.22,-0.11,-0.11
2014-04-07 20:24:00,0.066,0.138058545864,0.0,0,-0.22,-0.11,-0.11
2014-04-07 20:34:00,0.136,0.138058545864,0.0,0,-0.22,-0.11,-0.11
2014-04-07 20:44:00,0.068,0.138058545864,0.0,0,-0.22,-0.11,-0.11
2014-04-07 20:54:00,0.068,0.138058545864,0.0,0,-0.22,-0.11,-0.11
2014-04-07 21:04:00,0.066,0.138058545864,0.0,0,-0.22,-0.11,-0.11
2014-04-07 21:14:00,0.132,0.138058545864,0.0,0,-0.22,-0.11,-0.11
2014-04-07 21:24:00,0.066,0.138058545864,0.0,0,-0.22,-0.11,-0.11
2014-04-07 21:34:00,0.066,0.138058545864,0.0,0,-0.22,-0.11,-0.11
2014-04-07 21:44:00,0.066,0.138058545864,0.0,0,-0.22,-0.11,-0.11
2014-04-07 21:54:00,0.068,0.138058545864,0.0,0,-0.22,-0.11,-0.11
2014-04-07 22:04:00,0.066,0.138058545864,0.0,0,-0.22,-0.11,-0.11
2014-04-07 22:14:00,0.068,0.138058545864,0.0,0,-0.22,-0.11,-0.11
2014-04-07 22:24:00,0.132,0.138058545864,0.0,0,-0.22,-0.11,-0.11
2014-04-07 22:34:00,0.068,0.138058545864,0.0,0,-0.22,-0.11,-0.11
2014-04-07 22:44:00,0.134,0.138058545864,0.0,0,-0.22,-0.11,-0.11
2014-04-07 22:54:00,0.066,0.138058545864,0.0,0,-0.22,-0.11,-0.11
2014-04-07 23:04:00,0.066,0.138058545864,0.0,0,-0.22,-0.11,-0.11
2014-04-07 23:14:00,0.066,0.138058545864,0.0,0,-0.22,-0.11,-0.11
2014-04-07 23:24:00,0.134,0.138058545864,0.0,0,-0.22,-0.11,-0.11
2014-04-07 23:34:00,0.068,0.138058545864,0.0,0,-0.22,-0.11,-0.11
2014-04-07 23:44:00,0.066,0.138058545864,0.0,0,-0.22,-0.11,-0.11
2014-04-07 23:54:00,0.064,0.138058545864,0.0,0,-0.22,-0.11,-0.11
2014-04-08 00:04:00,0.134,0.138058545864,0.0,0,-0.22,-0.11,-0.11
2014-04-08 00:14:00,0.066,0.138058545864,0.0,0,-0.22,-0.11,-0.11
2014-04-08 00:24:00,0.136,0.138058545864,0.0,0,-0.22,-0.11,-0.11
2014-04-08 00:34:00,0.066,0.138058545864,0.0,0,-0.22,-0.11,-0.11
2014-04-08 00:44:00,0.066,0.138058545864,0.0,0,-0.22,-0.11,-0.11
2014-04-08 00:54:00,0.132,0.138058545864,0.0,0,-0.22,-0.11,-0.11
2014-04-08 01:04:00,0.132,0.138058545864,0.0,0,-0.22,-0.11,-0.11
2014-04-08 01:14:00,0.066,0.138058545864,0.0,0,-0.22,-0.11,-0.11
2014-04-08 01:24:00,0.066,0.138058545864,0.0,0,-0.22,-0.11,-0.11
2014-04-08 01:34:00,0.066,0.138058545864,0.0,0,-0.22,-0.11,-0.11
2014-04-08 01:44:00,0.066,0.138058545864,0.0,0,-0.22,-0.11,-0.11
2014-04-08 01:54:00,0.132,0.138058545864,0.0,0,-0.22,-0.11,-0.11
2014-04-08 02:04:00,0.066,0.138058545864,0.0,0,-0.22,-0.11,-0.11
2014-04-08 02:14:00,0.066,0.138058545864,0.0,0,-0.22,-0.11,-0.11
2014-04-08 02:24:00,0.068,0.138058545864,0.0,0,-0.22,-0.11,-0.11
2014-04-08 02:34:00,0.068,0.138058545864,0.0,0,-0.22,-0.11,-0.11
2014-04-08 02:44:00,0.066,0.138058545864,0.0,0,-0.22,-0.11,-0.11
2014-04-08 02:54:00,0.134,0.138058545864,0.0,0,-0.22,-0.11,-0.11
2014-04-08 03:04:00,0.136,0.138058545864,0.0,0,-0.22,-0.11,-0.11
2014-04-08 03:14:00,0.066,0.138058545864,0.0,0,-0.22,-0.11,-0.11
2014-04-08 03:24:00,0.066,0.138058545864,0.0,0,-0.22,-0.11,-0.11
2014-04-08 03:34:00,0.066,0.138058545864,0.0,0,-0.22,-0.11,-0.11
2014-04-08 03:44:00,0.068,0.138058545864,0.0,0,-0.22,-0.11,-0.11
2014-04-08 03:54:00,0.134,0.138058545864,0.0,0,-0.22,-0.11,-0.11
2014-04-08 04:04:00,0.066,0.138058545864,0.0,0,-0.22,-0.11,-0.11
2014-04-08 04:14:00,0.068,0.138058545864,0.0,0,-0.22,-0.11,-0.11
2014-04-08 04:24:00,0.066,0.138058545864,0.0,0,-0.22,-0.11,-0.11
2014-04-08 04:34:00,0.066,0.138058545864,0.0,0,-0.22,-0.11,-0.11
2014-04-08 04:44:00,0.066,0.138058545864,0.0,0,-0.22,-0.11,-0.11
2014-04-08 04:54:00,0.068,0.138058545864,0.0,0,-0.22,-0.11,-0.11
2014-04-08 05:04:00,0.066,0.138058545864,0.0,0,-0.22,-0.11,-0.11
2014-04-08 05:14:00,0.134,0.138058545864,0.0,0,-0.22,-0.11,-0.11
2014-04-08 05:24:00,0.066,0.138058545864,0.0,0,-0.22,-0.11,-0.11
2014-04-08 05:34:00,0.066,0.138058545864,0.0,0,-0.22,-0.11,-0.11
2014-04-08 05:44:00,0.068,0.138058545864,0.0,0,-0.22,-0.11,-0.11
2014-04-08 05:54:00,0.066,0.138058545864,0.0,0,-0.22,-0.11,-0.11
2014-04-08 06:04:00,0.066,0.138058545864,0.0,0,-0.22,-0.11,-0.11
2014-04-08 06:14:00,0.134,0.138058545864,0.0,0,-0.22,-0.11,-0.11
2014-04-08 06:24:00,0.066,0.138058545864,0.0,0,-0.22,-0.11,-0.11
2014-04-08 06:34:00,0.134,0.138058545864,0.0,0,-0.22,-0.11,-0.11
2014-04-08 06:44:00,0.066,0.138058545864,0.0,0,-0.22,-0.11,-0.11
2014-04-08 06:54:00,0.068,0.138058545864,0.0,0,-0.22,-0.11,-0.11
2014-04-08 07:04:00,0.068,0.138058545864,0.0,0,-0.22,-0.11,-0.11
2014-04-08 07:14:00,0.066,0.138058545864,0.0,0,-0.22,-0.11,-0.11
2014-04-08 07:24:00,0.066,0.138058545864,0.0,0,-0.22,-0.11,-0.11
2014-04-08 07:34:00,0.066,0.138058545864,0.0,0,-0.22,-0.11,-0.11
2014-04-08 07:44:00,0.134,0.138058545864,0.0,0,-0.22,-0.11,-0.11
2014-04-08 07:54:00,0.066,0.138058545864,0.0,0,-0.22,-0.11,-0.11
2014-04-08 08:04:00,0.066,0.138058545864,0.0,0,-0.22,-0.11,-0.11
2014-04-08 08:14:00,0.066,0.138058545864,0.0,0,-0.22,-0.11,-0.11
2014-04-08 08:24:00,0.066,0.138058545864,0.0,0,-0.22,-0.11,-0.11
2014-04-08 08:34:00,0.066,0.138058545864,0.0,0,-0.22,-0.11,-0.11
2014-04-08 08:44:00,0.066,0.138058545864,0.0,0,-0.22,-0.11,-0.11
2014-04-08 08:54:00,0.066,0.138058545864,0.0,0,-0.22,-0.11,-0.11
2014-04-08 09:04:00,0.134,0.138058545864,0.0,0,-0.22,-0.11,-0.11
2014-04-08 09:14:00,0.068,0.138058545864,0.0,0,-0.22,-0.11,-0.11
2014-04-08 09:24:00,0.066,0.138058545864,0.0,0,-0.22,-0.11,-0.11
2014-04-08 09:34:00,0.066,0.138058545864,0.0,0,-0.22,-0.11,-0.11
2014-04-08 09:44:00,0.066,0.138058545864,0.0,0,-0.22,-0.11,-0.11
2014-04-08 09:54:00,0.068,0.138058545864,0.0,0,-0.22,-0.11,-0.11
2014-04-08 10:04:00,0.066,0.138058545864,0.0,0,-0.22,-0.11,-0.11
2014-04-08 10:14:00,0.134,0.138058545864,0.0,0,-0.22,-0.11,-0.11
2014-04-08 10:24:00,0.066,0.138058545864,0.0,0,-0.22,-0.11,-0.11
2014-04-08 10:34:00,0.066,0.138058545864,0.0,0,-0.22,-0.11,-0.11
2014-04-08 10:44:00,0.068,0.138058545864,0.0,0,-0.22,-0.11,-0.11
2014-04-08 10:54:00,0.066,0.138058545864,0.0,0,-0.22,-0.11,-0.11
2014-04-08 11:04:00,0.066,0.138058545864,0.0,0,-0.22,-0.11,-0.11
2014-04-08 11:14:00,0.068,0.138058545864,0.0,0,-0.22,-0.11,-0.11
2014-04-08 11:24:00,0.132,0.138058545864,0.0,0,-0.22,-0.11,-0.11
2014-04-08 11:34:00,0.068,0.138058545864,0.0,0,-0.22,-0.11,-0.11
2014-04-08 11:44:00,0.066,0.138058545864,0.0,0,-0.22,-0.11,-0.11
2014-04-08 11:54:00,0.066,0.138058545864,0.0,0,-0.22,-0.11,-0.11
2014-04-08 12:04:00,0.134,0.138058545864,0.0,0,-0.22,-0.11,-0.11
2014-04-08 12:14:00,0.066,0.138058545864,0.0,0,-0.22,-0.11,-0.11
2014-04-08 12:24:00,0.068,0.138058545864,0.0,0,-0.22,-0.11,-0.11
2014-04-08 12:34:00,0.066,0.138058545864,0.0,0,-0.22,-0.11,-0.11
2014-04-08 12:44:00,0.066,0.138058545864,0.0,0,-0.22,-0.11,-0.11
2014-04-08 12:54:00,0.132,0.138058545864,0.0,0,-0.22,-0.11,-0.11
2014-04-08 13:04:00,0.066,0.138058545864,0.0,0,-0.22,-0.11,-0.11
2014-04-08 13:14:00,0.068,0.138058545864,0.0,0,-0.22,-0.11,-0.11
2014-04-08 13:24:00,0.066,0.138058545864,0.0,0,-0.22,-0.11,-0.11
2014-04-08 13:34:00,0.068,0.138058545864,0.0,0,-0.22,-0.11,-0.11
2014-04-08 13:44:00,0.066,0.138058545864,0.0,0,-0.22,-0.11,-0.11
2014-04-08 13:54:00,0.134,0.138058545864,0.0,0,-0.22,-0.11,-0.11
2014-04-08 14:04:00,0.132,0.138058545864,0.0,0,-0.22,-0.11,-0.11
2014-04-08 14:14:00,0.066,0.138058545864,0.0,0,-0.22,-0.11,-0.11
2014-04-08 14:24:00,0.068,0.138058545864,0.0,0,-0.22,-0.11,-0.11
2014-04-08 14:34:00,0.066,0.138058545864,0.0,0,-0.22,-0.11,-0.11
2014-04-08 14:44:00,0.066,0.138058545864,0.0,0,-0.22,-0.11,-0.11
2014-04-08 14:54:00,0.066,0.138058545864,0.0,0,-0.22,-0.11,-0.11
2014-04-08 15:04:00,0.066,0.138058545864,0.0,0,-0.22,-0.11,-0.11
2014-04-08 15:14:00,0.066,0.138058545864,0.0,0,-0.22,-0.11,-0.11
2014-04-08 15:24:00,0.068,0.138058545864,0.0,0,-0.22,-0.11,-0.11
2014-04-08 15:34:00,0.068,0.138058545864,0.0,0,-0.22,-0.11,-0.11
2014-04-08 15:44:00,0.068,0.138058545864,0.0,0,-0.22,-0.11,-0.11
2014-04-08 15:54:00,0.132,0.138058545864,0.0,0,-0.22,-0.11,-0.11
2014-04-08 16:04:00,0.066,0.138058545864,0.0,0,-0.22,-0.11,-0.11
2014-04-08 16:14:00,0.066,0.138058545864,0.0,0,-0.22,-0.11,-0.11
2014-04-08 16:24:00,0.068,0.138058545864,0.0,0,-0.22,-0.11,-0.11
2014-04-08 16:34:00,0.066,0.138058545864,0.0,0,-0.22,-0.11,-0.11
2014-04-08 16:44:00,0.066,0.138058545864,0.0,0,-0.22,-0.11,-0.11
2014-04-08 16:54:00,0.066,0.138058545864,0.0,0,-0.22,-0.11,-0.11
2014-04-08 17:04:00,0.068,0.138058545864,0.0,0,-0.22,-0.11,-0.11
2014-04-08 17:14:00,0.066,0.138058545864,0.0,0,-0.22,-0.11,-0.11
2014-04-08 17:24:00,0.066,0.138058545864,0.0,0,-0.22,-0.11,-0.11
2014-04-08 17:34:00,0.066,0.138058545864,0.0,0,-0.22,-0.11,-0.11
2014-04-08 17:44:00,0.066,0.138058545864,0.0,0,-0.22,-0.11,-0.11
2014-04-08 17:54:00,0.068,0.138058545864,0.0,0,-0.22,-0.11,-0.11
2014-04-08 18:04:00,0.066,0.138058545864,0.0,0,-0.22,-0.11,-0.11
2014-04-08 18:14:00,0.132,0.138058545864,0.0,0,-0.22,-0.11,-0.11
2014-04-08 18:24:00,0.066,0.138058545864,0.0,0,-0.22,-0.11,-0.11
2014-04-08 18:34:00,0.066,0.138058545864,0.0,0,-0.22,-0.11,-0.11
2014-04-08 18:44:00,0.134,0.138058545864,0.0,0,-0.22,-0.11,-0.11
2014-04-08 18:54:00,0.068,0.138058545864,0.0,0,-0.22,-0.11,-0.11
2014-04-08 19:04:00,0.066,0.138058545864,0.0,0,-0.22,-0.11,-0.11
2014-04-08 19:14:00,0.066,0.138058545864,0.0,0,-0.22,-0.11,-0.11
2014-04-08 19:24:00,0.066,0.138058545864,0.0,0,-0.22,-0.11,-0.11
2014-04-08 19:34:00,0.066,0.138058545864,0.0,0,-0.22,-0.11,-0.11
2014-04-08 19:44:00,0.066,0.138058545864,0.0,0,-0.22,-0.11,-0.11
2014-04-08 19:54:00,0.066,0.138058545864,0.0,0,-0.22,-0.11,-0.11
2014-04-08 20:04:00,0.068,0.138058545864,0.0,0,-0.22,-0.11,-0.11
2014-04-08 20:14:00,0.134,0.138058545864,0.0,0,-0.22,-0.11,-0.11
2014-04-08 20:24:00,0.066,0.138058545864,0.0,0,-0.22,-0.11,-0.11
2014-04-08 20:34:00,0.068,0.138058545864,0.0,0,-0.22,-0.11,-0.11
2014-04-08 20:44:00,0.066,0.138058545864,0.0,0,-0.22,-0.11,-0.11
2014-04-08 20:54:00,0.066,0.138058545864,0.0,0,-0.22,-0.11,-0.11
2014-04-08 21:04:00,0.068,0.138058545864,0.0,0,-0.22,-0.11,-0.11
2014-04-08 21:14:00,0.066,0.138058545864,0.0,0,-0.22,-0.11,-0.11
2014-04-08 21:24:00,0.066,0.138058545864,0.0,0,-0.22,-0.11,-0.11
2014-04-08 21:34:00,0.066,0.138058545864,0.0,0,-0.22,-0.11,-0.11
2014-04-08 21:44:00,0.066,0.138058545864,0.0,0,-0.22,-0.11,-0.11
2014-04-08 21:54:00,0.134,0.138058545864,0.0,0,-0.22,-0.11,-0.11
2014-04-08 22:04:00,0.068,0.138058545864,0.0,0,-0.22,-0.11,-0.11
2014-04-08 22:14:00,0.134,0.138058545864,0.0,0,-0.22,-0.11,-0.11
2014-04-08 22:24:00,0.068,0.138058545864,0.0,0,-0.22,-0.11,-0.11
2014-04-08 22:34:00,0.066,0.138058545864,0.0,0,-0.22,-0.11,-0.11
2014-04-08 22:44:00,0.066,0.138058545864,0.0,0,-0.22,-0.11,-0.11
2014-04-08 22:54:00,0.066,0.138058545864,0.0,0,-0.22,-0.11,-0.11
2014-04-08 23:04:00,0.068,0.138058545864,0.0,0,-0.22,-0.11,-0.11
2014-04-08 23:14:00,0.068,0.138058545864,0.0,0,-0.22,-0.11,-0.11
2014-04-08 23:24:00,0.066,0.138058545864,0.0,0,-0.22,-0.11,-0.11
2014-04-08 23:34:00,0.066,0.138058545864,0.0,0,-0.22,-0.11,-0.11
2014-04-08 23:44:00,0.066,0.138058545864,0.0,0,-0.22,-0.11,-0.11
2014-04-08 23:54:00,0.138,0.138058545864,0.0,0,-0.22,-0.11,-0.11
2014-04-09 00:04:00,0.066,0.138058545864,0.0,0,-0.22,-0.11,-0.11
2014-04-09 00:14:00,0.134,0.138058545864,0.0,0,-0.22,-0.11,-0.11
2014-04-09 00:24:00,0.066,0.138058545864,0.0,0,-0.22,-0.11,-0.11
2014-04-09 00:34:00,0.068,0.138058545864,0.0,0,-0.22,-0.11,-0.11
2014-04-09 00:44:00,0.134,0.138058545864,0.0,0,-0.22,-0.11,-0.11
2014-04-09 00:54:00,0.066,0.138058545864,0.0,0,-0.22,-0.11,-0.11
2014-04-09 01:04:00,0.068,0.138058545864,0.0,0,-0.22,-0.11,-0.11
2014-04-09 01:14:00,0.066,0.138058545864,0.0,0,-0.22,-0.11,-0.11
2014-04-09 01:24:00,0.066,0.138058545864,0.0,0,-0.22,-0.11,-0.11
2014-04-09 01:34:00,0.066,0.138058545864,0.0,0,-0.22,-0.11,-0.11
2014-04-09 01:44:00,0.066,0.138058545864,0.0,0,-0.22,-0.11,-0.11
2014-04-09 01:54:00,0.134,0.138058545864,0.0,0,-0.22,-0.11,-0.11
2014-04-09 02:04:00,0.066,0.138058545864,0.0,0,-0.22,-0.11,-0.11
2014-04-09 02:14:00,0.066,0.138058545864,0.0,0,-0.22,-0.11,-0.11
2014-04-09 02:24:00,0.068,0.138058545864,0.0,0,-0.22,-0.11,-0.11
2014-04-09 02:34:00,0.066,0.138058545864,0.0,0,-0.22,-0.11,-0.11
2014-04-09 02:44:00,0.066,0.138058545864,0.0,0,-0.22,-0.11,-0.11
2014-04-09 02:54:00,0.134,0.138058545864,0.0,0,-0.22,-0.11,-0.11
2014-04-09 03:04:00,0.066,0.138058545864,0.0,0,-0.22,-0.11,-0.11
2014-04-09 03:14:00,0.066,0.138058545864,0.0,0,-0.22,-0.11,-0.11
2014-04-09 03:24:00,0.068,0.138058545864,0.0,0,-0.22,-0.11,-0.11
2014-04-09 03:34:00,0.068,0.138058545864,0.0,0,-0.22,-0.11,-0.11
2014-04-09 03:44:00,0.066,0.125046560828,0.025,0,-0.22,-0.11,-0.11
2014-04-09 03:54:00,0.066,0.125046560828,0.0,0,-0.22,-0.11,-0.11
2014-04-09 04:04:00,0.066,0.125046560828,0.0,0,-0.22,-0.11,-0.11
2014-04-09 04:14:00,0.068,0.125046560828,0.0,0,-0.22,-0.11,-0.11
2014-04-09 04:24:00,0.066,0.125046560828,0.0,0,-0.22,-0.11,-0.11
2014-04-09 04:34:00,0.134,0.125046560828,0.0,0,-0.22,-0.11,-0.11
2014-04-09 04:44:00,0.066,0.125046560828,0.0,0,-0.22,-0.11,-0.11
2014-04-09 04:54:00,0.066,0.125046560828,0.0,0,-0.22,-0.11,-0.11
2014-04-09 05:04:00,0.066,0.125046560828,0.0,0,-0.22,-0.11,-0.11
2014-04-09 05:14:00,0.066,0.125046560828,0.0,0,-0.22,-0.11,-0.11
2014-04-09 05:24:00,0.134,0.138058545864,0.0,0,-0.22,-0.11,-0.11
2014-04-09 05:34:00,0.066,0.138058545864,0.0,0,-0.22,-0.11,-0.11
2014-04-09 05:44:00,0.066,0.138058545864,0.0,0,-0.22,-0.11,-0.11
2014-04-09 05:54:00,0.134,0.138058545864,0.0,0,-0.22,-0.11,-0.11
2014-04-09 06:04:00,0.066,0.138058545864,0.0,0,-0.22,-0.11,-0.11
2014-04-09 06:14:00,0.066,0.138058545864,0.0,0,-0.22,-0.11,-0.11
2014-04-09 06:24:00,0.066,0.138058545864,0.0,0,-0.22,-0.11,-0.11
2014-04-09 06:34:00,0.134,0.138058545864,0.0,0,-0.22,-0.11,-0.11
2014-04-09 06:44:00,0.066,0.138058545864,0.0,0,-0.22,-0.11,-0.11
2014-04-09 06:54:00,0.066,0.138058545864,0.0,0,-0.22,-0.11,-0.11
2014-04-09 07:04:00,0.066,0.138058545864,0.0,0,-0.22,-0.11,-0.11
2014-04-09 07:14:00,0.066,0.138058545864,0.0,0,-0.22,-0.11,-0.11
2014-04-09 07:24:00,0.134,0.138058545864,0.0,0,-0.22,-0.11,-0.11
2014-04-09 07:34:00,0.068,0.138058545864,0.0,0,-0.22,-0.11,-0.11
2014-04-09 07:44:00,0.066,0.138058545864,0.0,0,-0.22,-0.11,-0.11
2014-04-09 07:54:00,0.134,0.138058545864,0.0,0,-0.22,-0.11,-0.11
2014-04-09 08:04:00,0.068,0.138058545864,0.0,0,-0.22,-0.11,-0.11
2014-04-09 08:14:00,0.066,0.138058545864,0.0,0,-0.22,-0.11,-0.11
2014-04-09 08:24:00,0.066,0.138058545864,0.0,0,-0.22,-0.11,-0.11
2014-04-09 08:34:00,0.066,0.138058545864,0.0,0,-0.22,-0.11,-0.11
2014-04-09 08:44:00,0.066,0.138058545864,0.0,0,-0.22,-0.11,-0.11
2014-04-09 08:54:00,0.066,0.138058545864,0.0,0,-0.22,-0.11,-0.11
2014-04-09 09:04:00,0.068,0.138058545864,0.0,0,-0.22,-0.11,-0.11
2014-04-09 09:14:00,0.068,0.138058545864,0.0,0,-0.22,-0.11,-0.11
2014-04-09 09:24:00,0.068,0.138058545864,0.0,0,-0.22,-0.11,-0.11
2014-04-09 09:34:00,0.068,0.138058545864,0.0,0,-0.22,-0.11,-0.11
2014-04-09 09:44:00,0.068,0.138058545864,0.0,0,-0.22,-0.11,-0.11
2014-04-09 09:54:00,0.066,0.138058545864,0.0,0,-0.22,-0.11,-0.11
2014-04-09 10:04:00,0.066,0.138058545864,0.0,0,-0.22,-0.11,-0.11
2014-04-09 10:14:00,0.066,0.138058545864,0.0,0,-0.22,-0.11,-0.11
2014-04-09 10:24:00,0.066,0.138058545864,0.0,0,-0.22,-0.11,-0.11
2014-04-09 10:34:00,0.066,0.138058545864,0.0,0,-0.22,-0.11,-0.11
2014-04-09 10:44:00,0.136,0.138058545864,0.0,0,-0.22,-0.11,-0.11
2014-04-09 10:54:00,0.066,0.138058545864,0.0,0,-0.22,-0.11,-0.11
2014-04-09 11:04:00,0.066,0.138058545864,0.0,0,-0.22,-0.11,-0.11
2014-04-09 11:14:00,0.068,0.138058545864,0.0,0,-0.22,-0.11,-0.11
2014-04-09 11:24:00,0.068,0.138058545864,0.0,0,-0.22,-0.11,-0.11
2014-04-09 11:34:00,0.066,0.138058545864,0.0,0,-0.22,-0.11,-0.11
2014-04-09 11:44:00,0.066,0.138058545864,0.0,0,-0.22,-0.11,-0.11
2014-04-09 11:54:00,0.068,0.138058545864,0.0,0,-0.22,-0.11,-0.11
2014-04-09 12:04:00,0.066,0.138058545864,0.0,0,-0.22,-0.11,-0.11
2014-04-09 12:14:00,0.134,0.138058545864,0.0,0,-0.22,-0.11,-0.11
2014-04-09 12:24:00,0.066,0.138058545864,0.0,0,-0.22,-0.11,-0.11
2014-04-09 12:34:00,0.066,0.138058545864,0.0,0,-0.22,-0.11,-0.11
2014-04-09 12:44:00,0.068,0.138058545864,0.0,0,-0.22,-0.11,-0.11
2014-04-09 12:54:00,0.066,0.138058545864,0.0,0,-0.22,-0.11,-0.11
2014-04-09 13:04:00,0.068,0.138058545864,0.0,0,-0.22,-0.11,-0.11
2014-04-09 13:14:00,0.066,0.138058545864,0.0,0,-0.22,-0.11,-0.11
2014-04-09 13:24:00,0.134,0.138058545864,0.0,0,-0.22,-0.11,-0.11
2014-04-09 13:34:00,0.066,0.138058545864,0.0,0,-0.22,-0.11,-0.11
2014-04-09 13:44:00,0.068,0.138058545864,0.0,0,-0.22,-0.11,-0.11
2014-04-09 13:54:00,0.066,0.138058545864,0.0,0,-0.22,-0.11,-0.11
2014-04-09 14:04:00,0.134,0.138058545864,0.0,0,-0.22,-0.11,-0.11
2014-04-09 14:14:00,0.066,0.138058545864,0.0,0,-0.22,-0.11,-0.11
2014-04-09 14:24:00,0.2,0.138058545864,0.0,0,-0.22,-0.11,-0.11
2014-04-09 14:34:00,0.066,0.138058545864,0.0,0,-0.22,-0.11,-0.11
2014-04-09 14:44:00,0.066,0.138058545864,0.0,0,-0.22,-0.11,-0.11
2014-04-09 14:54:00,0.134,0.138058545864,0.0,0,-0.22,-0.11,-0.11
2014-04-09 15:04:00,0.068,0.138058545864,0.0,0,-0.22,-0.11,-0.11
2014-04-09 15:14:00,0.066,0.138058545864,0.0,0,-0.22,-0.11,-0.11
2014-04-09 15:24:00,0.066,0.138058545864,0.0,0,-0.22,-0.11,-0.11
2014-04-09 15:34:00,0.132,0.138058545864,0.0,0,-0.22,-0.11,-0.11
2014-04-09 15:44:00,0.068,0.138058545864,0.0,0,-0.22,-0.11,-0.11
2014-04-09 15:54:00,0.068,0.138058545864,0.0,0,-0.22,-0.11,-0.11
2014-04-09 16:04:00,0.068,0.138058545864,0.0,0,-0.22,-0.11,-0.11
2014-04-09 16:14:00,0.068,0.138058545864,0.0,0,-0.22,-0.11,-0.11
2014-04-09 16:24:00,0.066,0.138058545864,0.0,0,-0.22,-0.11,-0.11
2014-04-09 16:34:00,0.068,0.138058545864,0.0,0,-0.22,-0.11,-0.11
2014-04-09 16:44:00,0.134,0.138058545864,0.0,0,-0.22,-0.11,-0.11
2014-04-09 16:54:00,0.068,0.138058545864,0.0,0,-0.22,-0.11,-0.11
2014-04-09 17:04:00,0.066,0.138058545864,0.0,0,-0.22,-0.11,-0.11
2014-04-09 17:14:00,0.066,0.138058545864,0.0,0,-0.22,-0.11,-0.11
2014-04-09 17:24:00,0.068,0.138058545864,0.0,0,-0.22,-0.11,-0.11
2014-04-09 17:34:00,0.066,0.138058545864,0.0,0,-0.22,-0.11,-0.11
2014-04-09 17:44:00,0.068,0.138058545864,0.0,0,-0.22,-0.11,-0.11
2014-04-09 17:54:00,0.134,0.138058545864,0.0,0,-0.22,-0.11,-0.11
2014-04-09 18:04:00,0.068,0.138058545864,0.0,0,-0.22,-0.11,-0.11
2014-04-09 18:14:00,0.068,0.138058545864,0.0,0,-0.22,-0.11,-0.11
2014-04-09 18:24:00,0.066,0.138058545864,0.0,0,-0.22,-0.11,-0.11
2014-04-09 18:34:00,0.134,0.138058545864,0.0,0,-0.22,-0.11,-0.11
2014-04-09 18:44:00,0.066,0.138058545864,0.0,0,-0.22,-0.11,-0.11
2014-04-09 18:54:00,0.068,0.138058545864,0.0,0,-0.22,-0.11,-0.11
2014-04-09 19:04:00,0.066,0.138058545864,0.0,0,-0.22,-0.11,-0.11
2014-04-09 19:14:00,0.066,0.138058545864,0.0,0,-0.22,-0.11,-0.11
2014-04-09 19:24:00,0.066,0.138058545864,0.0,0,-0.22,-0.11,-0.11
2014-04-09 19:34:00,0.066,0.138058545864,0.0,0,-0.22,-0.11,-0.11
2014-04-09 19:44:00,0.068,0.138058545864,0.0,0,-0.22,-0.11,-0.11
2014-04-09 19:54:00,0.066,0.138058545864,0.0,0,-0.22,-0.11,-0.11
2014-04-09 20:04:00,0.066,0.138058545864,0.0,0,-0.22,-0.11,-0.11
2014-04-09 20:14:00,0.066,0.138058545864,0.0,0,-0.22,-0.11,-0.11
2014-04-09 20:24:00,0.066,0.138058545864,0.0,0,-0.22,-0.11,-0.11
2014-04-09 20:34:00,0.066,0.138058545864,0.0,0,-0.22,-0.11,-0.11
2014-04-09 20:44:00,0.066,0.138058545864,0.0,0,-0.22,-0.11,-0.11
2014-04-09 20:54:00,0.066,0.138058545864,0.0,0,-0.22,-0.11,-0.11
2014-04-09 21:04:00,0.066,0.138058545864,0.0,0,-0.22,-0.11,-0.11
2014-04-09 21:14:00,0.066,0.138058545864,0.0,0,-0.22,-0.11,-0.11
2014-04-09 21:24:00,0.066,0.138058545864,0.0,0,-0.22,-0.11,-0.11
2014-04-09 21:34:00,0.066,0.138058545864,0.0,0,-0.22,-0.11,-0.11
2014-04-09 21:44:00,0.134,0.138058545864,0.0,0,-0.22,-0.11,-0.11
2014-04-09 21:54:00,0.066,0.138058545864,0.0,0,-0.22,-0.11,-0.11
2014-04-09 22:04:00,0.132,0.138058545864,0.0,0,-0.22,-0.11,-0.11
2014-04-09 22:14:00,0.066,0.138058545864,0.0,0,-0.22,-0.11,-0.11
2014-04-09 22:24:00,0.066,0.138058545864,0.0,0,-0.22,-0.11,-0.11
2014-04-09 22:34:00,0.066,0.138058545864,0.0,0,-0.22,-0.11,-0.11
2014-04-09 22:44:00,0.068,0.138058545864,0.0,0,-0.22,-0.11,-0.11
2014-04-09 22:54:00,0.132,0.138058545864,0.0,0,-0.22,-0.11,-0.11
2014-04-09 23:04:00,0.066,0.138058545864,0.0,0,-0.22,-0.11,-0.11
2014-04-09 23:14:00,0.132,0.138058545864,0.0,0,-0.22,-0.11,-0.11
2014-04-09 23:24:00,0.068,0.138058545864,0.0,0,-0.22,-0.11,-0.11
2014-04-09 23:34:00,0.134,0.138058545864,0.0,0,-0.22,-0.11,-0.11
2014-04-09 23:44:00,0.066,0.138058545864,0.0,0,-0.22,-0.11,-0.11
2014-04-09 23:54:00,0.068,0.138058545864,0.0,0,-0.22,-0.11,-0.11
2014-04-10 00:04:00,0.066,0.138058545864,0.0,0,-0.22,-0.11,-0.11
2014-04-10 00:14:00,0.066,0.138058545864,0.0,0,-0.22,-0.11,-0.11
2014-04-10 00:24:00,0.134,0.138058545864,0.0,0,-0.22,-0.11,-0.11
2014-04-10 00:34:00,0.068,0.138058545864,0.0,0,-0.22,-0.11,-0.11
2014-04-10 00:44:00,0.198,0.11281038723,0.05,0,-0.22,-0.11,-0.11
2014-04-10 00:54:00,0.068,0.11281038723,0.0,0,-0.22,-0.11,-0.11
2014-04-10 01:04:00,0.066,0.11281038723,0.0,0,-0.22,-0.11,-0.11
2014-04-10 01:14:00,0.066,0.11281038723,0.0,0,-0.22,-0.11,-0.11
2014-04-10 01:24:00,0.066,0.11281038723,0.0,0,-0.22,-0.11,-0.11
2014-04-10 01:34:00,0.066,0.11281038723,0.0,0,-0.22,-0.11,-0.11
2014-04-10 01:44:00,0.068,0.11281038723,0.0,0,-0.22,-0.11,-0.11
2014-04-10 01:54:00,0.066,0.11281038723,0.0,0,-0.22,-0.11,-0.11
2014-04-10 02:04:00,0.066,0.11281038723,0.0,0,-0.22,-0.11,-0.11
2014-04-10 02:14:00,0.134,0.11281038723,0.0,0,-0.22,-0.11,-0.11
2014-04-10 02:24:00,0.066,0.138058545864,0.0,0,-0.22,-0.11,-0.11
2014-04-10 02:34:00,0.068,0.138058545864,0.0,0,-0.22,-0.11,-0.11
2014-04-10 02:44:00,0.066,0.138058545864,0.0,0,-0.22,-0.11,-0.11
2014-04-10 02:54:00,0.066,0.138058545864,0.0,0,-0.22,-0.11,-0.11
2014-04-10 03:04:00,0.066,0.138058545864,0.0,0,-0.22,-0.11,-0.11
2014-04-10 03:14:00,0.066,0.138058545864,0.0,0,-0.22,-0.11,-0.11
2014-04-10 03:24:00,0.066,0.138058545864,0.0,0,-0.22,-0.11,-0.11
2014-04-10 03:34:00,1.402,0.11281038723,0.05,0,-0.22,-0.11,-0.11
2014-04-10 03:44:00,0.066,0.11281038723,0.0,0,-0.22,-0.11,-0.11
2014-04-10 03:54:00,0.066,0.11281038723,0.0,0,-0.22,-0.11,-0.11
2014-04-10 04:04:00,0.066,0.11281038723,0.0,0,-0.22,-0.11,-0.11
2014-04-10 04:14:00,0.066,0.11281038723,0.0,0,-0.22,-0.11,-0.11
2014-04-10 04:24:00,0.066,0.11281038723,0.0,0,-0.22,-0.11,-0.11
2014-04-10 04:34:00,0.068,0.11281038723,0.0,0,-0.22,-0.11,-0.11
2014-04-10 04:44:00,0.066,0.11281038723,0.0,0,-0.22,-0.11,-0.11
2014-04-10 04:54:00,0.066,0.11281038723,0.0,0,-0.22,-0.11,-0.11
2014-04-10 05:04:00,0.066,0.11281038723,0.0,0,-0.22,-0.11,-0.11
2014-04-10 05:14:00,0.066,0.138058545864,0.0,0,-0.22,-0.11,-0.11
2014-04-10 05:24:00,0.068,0.138058545864,0.0,0,-0.22,-0.11,-0.11
2014-04-10 05:34:00,0.132,0.138058545864,0.0,0,-0.22,-0.11,-0.11
2014-04-10 05:44:00,0.066,0.138058545864,0.0,0,-0.22,-0.11,-0.11
2014-04-10 05:54:00,0.134,0.138058545864,0.0,0,-0.22,-0.11,-0.11
2014-04-10 06:04:00,0.066,0.138058545864,0.0,0,-0.22,-0.11,-0.11
2014-04-10 06:14:00,0.066,0.138058545864,0.0,0,-0.22,-0.11,-0.11
2014-04-10 06:24:00,0.066,0.138058545864,0.0,0,-0.22,-0.11,-0.11
2014-04-10 06:34:00,0.066,0.138058545864,0.0,0,-0.22,-0.11,-0.11
2014-04-10 06:44:00,0.066,0.138058545864,0.0,0,-0.22,-0.11,-0.11
2014-04-10 06:54:00,0.132,0.138058545864,0.0,0,-0.22,-0.11,-0.11
2014-04-10 07:04:00,0.068,0.138058545864,0.0,0,-0.22,-0.11,-0.11
2014-04-10 07:14:00,0.066,0.138058545864,0.0,0,-0.22,-0.11,-0.11
2014-04-10 07:24:00,0.066,0.138058545864,0.0,0,-0.22,-0.11,-0.11
2014-04-10 07:34:00,0.066,0.138058545864,0.0,0,-0.22,-0.11,-0.11
2014-04-10 07:44:00,0.066,0.138058545864,0.0,0,-0.22,-0.11,-0.11
2014-04-10 07:54:00,0.068,0.138058545864,0.0,0,-0.22,-0.11,-0.11
2014-04-10 08:04:00,0.134,0.138058545864,0.0,0,-0.22,-0.11,-0.11
2014-04-10 08:14:00,0.066,0.138058545864,0.0,0,-0.22,-0.11,-0.11
2014-04-10 08:24:00,0.066,0.138058545864,0.0,0,-0.22,-0.11,-0.11
2014-04-10 08:34:00,0.134,0.138058545864,0.0,0,-0.22,-0.11,-0.11
2014-04-10 08:44:00,0.068,0.138058545864,0.0,0,-0.22,-0.11,-0.11
2014-04-10 08:54:00,0.132,0.138058545864,0.0,0,-0.22,-0.11,-0.11
2014-04-10 09:04:00,0.066,0.138058545864,0.0,0,-0.22,-0.11,-0.11
2014-04-10 09:14:00,0.066,0.138058545864,0.0,0,-0.22,-0.11,-0.11
2014-04-10 09:24:00,0.134,0.138058545864,0.0,0,-0.22,-0.11,-0.11
2014-04-10 09:34:00,0.066,0.138058545864,0.0,0,-0.22,-0.11,-0.11
2014-04-10 09:44:00,0.066,0.138058545864,0.0,0,-0.22,-0.11,-0.11
2014-04-10 09:54:00,0.134,0.138058545864,0.0,0,-0.22,-0.11,-0.11
2014-04-10 10:04:00,0.068,0.138058545864,0.0,0,-0.22,-0.11,-0.11
2014-04-10 10:14:00,0.134,0.138058545864,0.0,0,-0.22,-0.11,-0.11
2014-04-10 10:24:00,0.066,0.138058545864,0.0,0,-0.22,-0.11,-0.11
2014-04-10 10:34:00,0.066,0.138058545864,0.0,0,-0.22,-0.11,-0.11
2014-04-10 10:44:00,0.066,0.138058545864,0.0,0,-0.22,-0.11,-0.11
2014-04-10 10:54:00,0.066,0.138058545864,0.0,0,-0.22,-0.11,-0.11
2014-04-10 11:04:00,0.066,0.138058545864,0.0,0,-0.22,-0.11,-0.11
2014-04-10 11:14:00,0.066,0.138058545864,0.0,0,-0.22,-0.11,-0.11
2014-04-10 11:24:00,0.066,0.138058545864,0.0,0,-0.22,-0.11,-0.11
2014-04-10 11:34:00,0.068,0.138058545864,0.0,0,-0.22,-0.11,-0.11
2014-04-10 11:44:00,0.066,0.138058545864,0.0,0,-0.22,-0.11,-0.11
2014-04-10 11:54:00,0.068,0.138058545864,0.0,0,-0.22,-0.11,-0.11
2014-04-10 12:04:00,0.066,0.138058545864,0.0,0,-0.22,-0.11,-0.11
2014-04-10 12:14:00,0.134,0.138058545864,0.0,0,-0.22,-0.11,-0.11
2014-04-10 12:24:00,0.066,0.138058545864,0.0,0,-0.22,-0.11,-0.11
2014-04-10 12:34:00,0.066,0.138058545864,0.0,0,-0.22,-0.11,-0.11
2014-04-10 12:44:00,0.066,0.138058545864,0.0,0,-0.22,-0.11,-0.11
2014-04-10 12:54:00,0.066,0.138058545864,0.0,0,-0.22,-0.11,-0.11
2014-04-10 13:04:00,0.066,0.138058545864,0.0,0,-0.22,-0.11,-0.11
2014-04-10 13:14:00,0.066,0.138058545864,0.0,0,-0.22,-0.11,-0.11
2014-04-10 13:24:00,0.134,0.138058545864,0.0,0,-0.22,-0.11,-0.11
2014-04-10 13:34:00,0.066,0.138058545864,0.0,0,-0.22,-0.11,-0.11
2014-04-10 13:44:00,0.066,0.138058545864,0.0,0,-0.22,-0.11,-0.11
2014-04-10 13:54:00,0.134,0.138058545864,0.0,0,-0.22,-0.11,-0.11
2014-04-10 14:04:00,0.066,0.138058545864,0.0,0,-0.22,-0.11,-0.11
2014-04-10 14:14:00,0.066,0.138058545864,0.0,0,-0.22,-0.11,-0.11
2014-04-10 14:24:00,0.066,0.138058545864,0.0,0,-0.22,-0.11,-0.11
2014-04-10 14:34:00,0.066,0.138058545864,0.0,0,-0.22,-0.11,-0.11
2014-04-10 14:44:00,0.066,0.138058545864,0.0,0,-0.22,-0.11,-0.11
2014-04-10 14:54:00,0.068,0.138058545864,0.0,0,-0.22,-0.11,-0.11
2014-04-10 15:04:00,0.066,0.138058545864,0.0,0,-0.22,-0.11,-0.11
2014-04-10 15:14:00,0.134,0.138058545864,0.0,0,-0.22,-0.11,-0.11
2014-04-10 15:24:00,0.066,0.138058545864,0.0,0,-0.22,-0.11,-0.11
2014-04-10 15:34:00,0.066,0.138058545864,0.0,0,-0.22,-0.11,-0.11
2014-04-10 15:44:00,0.068,0.138058545864,0.0,0,-0.22,-0.11,-0.11
2014-04-10 15:54:00,0.066,0.138058545864,0.0,0,-0.22,-0.11,-0.11
2014-04-10 16:04:00,0.066,0.138058545864,0.0,0,-0.22,-0.11,-0.11
2014-04-10 16:14:00,0.066,0.138058545864,0.0,0,-0.22,-0.11,-0.11
2014-04-10 16:24:00,0.068,0.138058545864,0.0,0,-0.22,-0.11,-0.11
2014-04-10 16:34:00,0.068,0.138058545864,0.0,0,-0.22,-0.11,-0.11
2014-04-10 16:44:00,0.066,0.138058545864,0.0,0,-0.22,-0.11,-0.11
2014-04-10 16:54:00,0.132,0.138058545864,0.0,0,-0.22,-0.11,-0.11
2014-04-10 17:04:00,0.066,0.138058545864,0.0,0,-0.22,-0.11,-0.11
2014-04-10 17:14:00,0.134,0.138058545864,0.0,0,-0.22,-0.11,-0.11
2014-04-10 17:24:00,0.066,0.138058545864,0.0,0,-0.22,-0.11,-0.11
2014-04-10 17:34:00,0.068,0.138058545864,0.0,0,-0.22,-0.11,-0.11
2014-04-10 17:44:00,0.134,0.138058545864,0.0,0,-0.22,-0.11,-0.11
2014-04-10 17:54:00,0.066,0.138058545864,0.0,0,-0.22,-0.11,-0.11
2014-04-10 18:04:00,0.066,0.138058545864,0.0,0,-0.22,-0.11,-0.11
2014-04-10 18:14:00,0.066,0.138058545864,0.0,0,-0.22,-0.11,-0.11
2014-04-10 18:24:00,0.068,0.138058545864,0.0,0,-0.22,-0.11,-0.11
2014-04-10 18:34:00,0.066,0.138058545864,0.0,0,-0.22,-0.11,-0.11
2014-04-10 18:44:00,0.066,0.138058545864,0.0,0,-0.22,-0.11,-0.11
2014-04-10 18:54:00,0.066,0.138058545864,0.0,0,-0.22,-0.11,-0.11
2014-04-10 19:04:00,0.066,0.138058545864,0.0,0,-0.22,-0.11,-0.11
2014-04-10 19:14:00,0.066,0.138058545864,0.0,0,-0.22,-0.11,-0.11
2014-04-10 19:24:00,0.066,0.138058545864,0.0,0,-0.22,-0.11,-0.11
2014-04-10 19:34:00,0.066,0.138058545864,0.0,0,-0.22,-0.11,-0.11
2014-04-10 19:44:00,0.066,0.138058545864,0.0,0,-0.22,-0.11,-0.11
2014-04-10 19:54:00,0.066,0.138058545864,0.0,0,-0.22,-0.11,-0.11
2014-04-10 20:04:00,0.068,0.138058545864,0.0,0,-0.22,-0.11,-0.11
2014-04-10 20:14:00,0.066,0.138058545864,0.0,0,-0.22,-0.11,-0.11
2014-04-10 20:24:00,0.134,0.138058545864,0.0,0,-0.22,-0.11,-0.11
2014-04-10 20:34:00,0.066,0.138058545864,0.0,0,-0.22,-0.11,-0.11
2014-04-10 20:44:00,0.066,0.138058545864,0.0,0,-0.22,-0.11,-0.11
2014-04-10 20:54:00,0.066,0.138058545864,0.0,0,-0.22,-0.11,-0.11
2014-04-10 21:04:00,0.066,0.138058545864,0.0,0,-0.22,-0.11,-0.11
2014-04-10 21:14:00,0.066,0.138058545864,0.0,0,-0.22,-0.11,-0.11
2014-04-10 21:24:00,0.066,0.138058545864,0.0,0,-0.22,-0.11,-0.11
2014-04-10 21:34:00,0.134,0.138058545864,0.0,0,-0.22,-0.11,-0.11
2014-04-10 21:44:00,0.068,0.138058545864,0.0,0,-0.22,-0.11,-0.11
2014-04-10 21:54:00,0.134,0.138058545864,0.0,0,-0.22,-0.11,-0.11
2014-04-10 22:04:00,0.066,0.138058545864,0.0,0,-0.22,-0.11,-0.11
2014-04-10 22:14:00,0.066,0.138058545864,0.0,0,-0.22,-0.11,-0.11
2014-04-10 22:24:00,0.066,0.138058545864,0.0,0,-0.22,-0.11,-0.11
2014-04-10 22:34:00,0.066,0.138058545864,0.0,0,-0.22,-0.11,-0.11
2014-04-10 22:44:00,0.134,0.138058545864,0.0,0,-0.22,-0.11,-0.11
2014-04-10 22:54:00,0.068,0.138058545864,0.0,0,-0.22,-0.11,-0.11
2014-04-10 23:04:00,0.066,0.138058545864,0.0,0,-0.22,-0.11,-0.11
2014-04-10 23:14:00,0.068,0.138058545864,0.0,0,-0.22,-0.11,-0.11
2014-04-10 23:24:00,0.066,0.138058545864,0.0,0,-0.22,-0.11,-0.11
2014-04-10 23:34:00,0.066,0.138058545864,0.0,0,-0.22,-0.11,-0.11
2014-04-10 23:44:00,0.068,0.138058545864,0.0,0,-0.22,-0.11,-0.11
2014-04-10 23:54:00,0.072,0.138058545864,0.0,0,-0.22,-0.11,-0.11
2014-04-11 00:04:00,0.132,0.138058545864,0.0,0,-0.22,-0.11,-0.11
2014-04-11 00:14:00,0.068,0.138058545864,0.0,0,-0.22,-0.11,-0.11
2014-04-11 00:24:00,0.066,0.138058545864,0.0,0,-0.22,-0.11,-0.11
2014-04-11 00:34:00,0.068,0.138058545864,0.0,0,-0.22,-0.11,-0.11
2014-04-11 00:44:00,0.066,0.138058545864,0.0,0,-0.22,-0.11,-0.11
2014-04-11 00:54:00,0.068,0.138058545864,0.0,0,-0.22,-0.11,-0.11
2014-04-11 01:04:00,0.066,0.138058545864,0.0,0,-0.22,-0.11,-0.11
2014-04-11 01:14:00,0.134,0.138058545864,0.0,0,-0.22,-0.11,-0.11
2014-04-11 01:24:00,0.066,0.138058545864,0.0,0,-0.22,-0.11,-0.11
2014-04-11 01:34:00,0.068,0.138058545864,0.0,0,-0.22,-0.11,-0.11
2014-04-11 01:44:00,0.068,0.138058545864,0.0,0,-0.22,-0.11,-0.11
2014-04-11 01:54:00,0.066,0.138058545864,0.0,0,-0.22,-0.11,-0.11
2014-04-11 02:04:00,0.066,0.138058545864,0.0,0,-0.22,-0.11,-0.11
2014-04-11 02:14:00,0.066,0.138058545864,0.0,0,-0.22,-0.11,-0.11
2014-04-11 02:24:00,0.134,0.138058545864,0.0,0,-0.22,-0.11,-0.11
2014-04-11 02:34:00,0.068,0.138058545864,0.0,0,-0.22,-0.11,-0.11
2014-04-11 02:44:00,0.068,0.138058545864,0.0,0,-0.22,-0.11,-0.11
2014-04-11 02:54:00,0.134,0.138058545864,0.0,0,-0.22,-0.11,-0.11
2014-04-11 03:04:00,0.068,0.138058545864,0.0,0,-0.22,-0.11,-0.11
2014-04-11 03:14:00,0.066,0.138058545864,0.0,0,-0.22,-0.11,-0.11
2014-04-11 03:24:00,0.066,0.138058545864,0.0,0,-0.22,-0.11,-0.11
2014-04-11 03:34:00,1.49,0.11281038723,0.05,0,-0.22,-0.11,-0.11
2014-04-11 03:44:00,0.066,0.11281038723,0.0,0,-0.22,-0.11,-0.11
2014-04-11 03:54:00,0.134,0.11281038723,0.0,0,-0.22,-0.11,-0.11
2014-04-11 04:04:00,0.068,0.11281038723,0.0,0,-0.22,-0.11,-0.11
2014-04-11 04:14:00,0.134,0.11281038723,0.0,0,-0.22,-0.11,-0.11
2014-04-11 04:24:00,0.066,0.11281038723,0.0,0,-0.22,-0.11,-0.11
2014-04-11 04:34:00,0.068,0.11281038723,0.0,0,-0.22,-0.11,-0.11
2014-04-11 04:44:00,0.134,0.11281038723,0.0,0,-0.22,-0.11,-0.11
2014-04-11 04:54:00,0.068,0.11281038723,0.0,0,-0.22,-0.11,-0.11
2014-04-11 05:04:00,0.132,0.11281038723,0.0,0,-0.22,-0.11,-0.11
2014-04-11 05:14:00,0.068,0.138058545864,0.0,0,-0.22,-0.11,-0.11
2014-04-11 05:24:00,0.068,0.138058545864,0.0,0,-0.22,-0.11,-0.11
2014-04-11 05:34:00,0.066,0.138058545864,0.0,0,-0.22,-0.11,-0.11
2014-04-11 05:44:00,0.066,0.138058545864,0.0,0,-0.22,-0.11,-0.11
2014-04-11 05:54:00,0.068,0.138058545864,0.0,0,-0.22,-0.11,-0.11
2014-04-11 06:04:00,0.066,0.138058545864,0.0,0,-0.22,-0.11,-0.11
2014-04-11 06:14:00,0.066,0.138058545864,0.0,0,-0.22,-0.11,-0.11
2014-04-11 06:24:00,0.066,0.138058545864,0.0,0,-0.22,-0.11,-0.11
2014-04-11 06:34:00,0.066,0.138058545864,0.0,0,-0.22,-0.11,-0.11
2014-04-11 06:44:00,0.134,0.138058545864,0.0,0,-0.22,-0.11,-0.11
2014-04-11 06:54:00,0.066,0.138058545864,0.0,0,-0.22,-0.11,-0.11
2014-04-11 07:04:00,0.068,0.138058545864,0.0,0,-0.22,-0.11,-0.11
2014-04-11 07:14:00,0.066,0.138058545864,0.0,0,-0.22,-0.11,-0.11
2014-04-11 07:24:00,0.066,0.138058545864,0.0,0,-0.22,-0.11,-0.11
2014-04-11 07:34:00,0.066,0.138058545864,0.0,0,-0.22,-0.11,-0.11
2014-04-11 07:44:00,0.066,0.138058545864,0.0,0,-0.22,-0.11,-0.11
2014-04-11 07:54:00,0.066,0.138058545864,0.0,0,-0.22,-0.11,-0.11
2014-04-11 08:04:00,0.068,0.138058545864,0.0,0,-0.22,-0.11,-0.11
2014-04-11 08:14:00,0.132,0.138058545864,0.0,0,-0.22,-0.11,-0.11
2014-04-11 08:24:00,0.066,0.138058545864,0.0,0,-0.22,-0.11,-0.11
2014-04-11 08:34:00,0.066,0.138058545864,0.0,0,-0.22,-0.11,-0.11
2014-04-11 08:44:00,0.066,0.138058545864,0.0,0,-0.22,-0.11,-0.11
2014-04-11 08:54:00,0.066,0.138058545864,0.0,0,-0.22,-0.11,-0.11
2014-04-11 09:04:00,0.068,0.138058545864,0.0,0,-0.22,-0.11,-0.11
2014-04-11 09:14:00,0.066,0.138058545864,0.0,0,-0.22,-0.11,-0.11
2014-04-11 09:24:00,0.136,0.138058545864,0.0,0,-0.22,-0.11,-0.11
2014-04-11 09:34:00,0.068,0.138058545864,0.0,0,-0.22,-0.11,-0.11
2014-04-11 09:44:00,0.066,0.138058545864,0.0,0,-0.22,-0.11,-0.11
2014-04-11 09:54:00,0.134,0.138058545864,0.0,0,-0.22,-0.11,-0.11
2014-04-11 10:04:00,0.066,0.138058545864,0.0,0,-0.22,-0.11,-0.11
2014-04-11 10:14:00,0.068,0.138058545864,0.0,0,-0.22,-0.11,-0.11
2014-04-11 10:24:00,0.068,0.138058545864,0.0,0,-0.22,-0.11,-0.11
2014-04-11 10:34:00,0.068,0.138058545864,0.0,0,-0.22,-0.11,-0.11
2014-04-11 10:44:00,0.134,0.138058545864,0.0,0,-0.22,-0.11,-0.11
2014-04-11 10:54:00,0.066,0.138058545864,0.0,0,-0.22,-0.11,-0.11
2014-04-11 11:04:00,0.066,0.138058545864,0.0,0,-0.22,-0.11,-0.11
2014-04-11 11:14:00,0.066,0.138058545864,0.0,0,-0.22,-0.11,-0.11
2014-04-11 11:24:00,0.066,0.138058545864,0.0,0,-0.22,-0.11,-0.11
2014-04-11 11:34:00,0.066,0.138058545864,0.0,0,-0.22,-0.11,-0.11
2014-04-11 11:44:00,0.066,0.138058545864,0.0,0,-0.22,-0.11,-0.11
2014-04-11 11:54:00,0.066,0.138058545864,0.0,0,-0.22,-0.11,-0.11
2014-04-11 12:04:00,0.066,0.138058545864,0.0,0,-0.22,-0.11,-0.11
2014-04-11 12:14:00,0.134,0.138058545864,0.0,0,-0.22,-0.11,-0.11
2014-04-11 12:24:00,0.066,0.138058545864,0.0,0,-0.22,-0.11,-0.11
2014-04-11 12:34:00,0.066,0.138058545864,0.0,0,-0.22,-0.11,-0.11
2014-04-11 12:44:00,0.134,0.138058545864,0.0,0,-0.22,-0.11,-0.11
2014-04-11 12:54:00,0.068,0.138058545864,0.0,0,-0.22,-0.11,-0.11
2014-04-11 13:04:00,0.134,0.138058545864,0.0,0,-0.22,-0.11,-0.11
2014-04-11 13:14:00,0.066,0.138058545864,0.0,0,-0.22,-0.11,-0.11
2014-04-11 13:24:00,0.066,0.138058545864,0.0,0,-0.22,-0.11,-0.11
2014-04-11 13:34:00,0.066,0.138058545864,0.0,0,-0.22,-0.11,-0.11
2014-04-11 13:44:00,0.066,0.138058545864,0.0,0,-0.22,-0.11,-0.11
2014-04-11 13:54:00,0.066,0.138058545864,0.0,0,-0.22,-0.11,-0.11
2014-04-11 14:04:00,0.066,0.138058545864,0.0,0,-0.22,-0.11,-0.11
2014-04-11 14:14:00,0.132,0.138058545864,0.0,0,-0.22,-0.11,-0.11
2014-04-11 14:24:00,0.066,0.138058545864,0.0,0,-0.22,-0.11,-0.11
2014-04-11 14:34:00,0.066,0.138058545864,0.0,0,-0.22,-0.11,-0.11
2014-04-11 14:44:00,0.068,0.138058545864,0.0,0,-0.22,-0.11,-0.11
2014-04-11 14:54:00,0.066,0.138058545864,0.0,0,-0.22,-0.11,-0.11
2014-04-11 15:04:00,0.066,0.138058545864,0.0,0,-0.22,-0.11,-0.11
2014-04-11 15:14:00,0.066,0.138058545864,0.0,0,-0.22,-0.11,-0.11
2014-04-11 15:24:00,0.066,0.138058545864,0.0,0,-0.22,-0.11,-0.11
2014-04-11 15:34:00,0.068,0.138058545864,0.0,0,-0.22,-0.11,-0.11
2014-04-11 15:44:00,0.132,0.138058545864,0.0,0,-0.22,-0.11,-0.11
2014-04-11 15:54:00,0.066,0.138058545864,0.0,0,-0.22,-0.11,-0.11
2014-04-11 16:04:00,0.136,0.138058545864,0.0,0,-0.22,-0.11,-0.11
2014-04-11 16:14:00,0.068,0.138058545864,0.0,0,-0.22,-0.11,-0.11
2014-04-11 16:24:00,0.066,0.138058545864,0.0,0,-0.22,-0.11,-0.11
2014-04-11 16:34:00,0.066,0.138058545864,0.0,0,-0.22,-0.11,-0.11
2014-04-11 16:44:00,0.066,0.138058545864,0.0,0,-0.22,-0.11,-0.11
2014-04-11 16:54:00,0.066,0.138058545864,0.0,0,-0.22,-0.11,-0.11
2014-04-11 17:04:00,0.068,0.138058545864,0.0,0,-0.22,-0.11,-0.11
2014-04-11 17:14:00,0.066,0.138058545864,0.0,0,-0.22,-0.11,-0.11
2014-04-11 17:24:00,0.068,0.138058545864,0.0,0,-0.22,-0.11,-0.11
2014-04-11 17:34:00,0.066,0.138058545864,0.0,0,-0.22,-0.11,-0.11
2014-04-11 17:44:00,0.066,0.138058545864,0.0,0,-0.22,-0.11,-0.11
2014-04-11 17:54:00,0.068,0.138058545864,0.0,0,-0.22,-0.11,-0.11
2014-04-11 18:04:00,0.134,0.138058545864,0.0,0,-0.22,-0.11,-0.11
2014-04-11 18:14:00,0.066,0.138058545864,0.0,0,-0.22,-0.11,-0.11
2014-04-11 18:24:00,0.068,0.138058545864,0.0,0,-0.22,-0.11,-0.11
2014-04-11 18:34:00,0.066,0.138058545864,0.0,0,-0.22,-0.11,-0.11
2014-04-11 18:44:00,0.066,0.138058545864,0.0,0,-0.22,-0.11,-0.11
2014-04-11 18:54:00,0.134,0.138058545864,0.0,0,-0.22,-0.11,-0.11
2014-04-11 19:04:00,0.066,0.138058545864,0.0,0,-0.22,-0.11,-0.11
2014-04-11 19:14:00,0.066,0.138058545864,0.0,0,-0.22,-0.11,-0.11
2014-04-11 19:24:00,0.066,0.138058545864,0.0,0,-0.22,-0.11,-0.11
2014-04-11 19:34:00,0.132,0.138058545864,0.0,0,-0.22,-0.11,-0.11
2014-04-11 19:44:00,0.068,0.138058545864,0.0,0,-0.22,-0.11,-0.11
2014-04-11 19:54:00,0.134,0.138058545864,0.0,0,-0.22,-0.11,-0.11
2014-04-11 20:04:00,0.066,0.138058545864,0.0,0,-0.22,-0.11,-0.11
2014-04-11 20:14:00,0.068,0.138058545864,0.0,0,-0.22,-0.11,-0.11
2014-04-11 20:24:00,0.066,0.138058545864,0.0,0,-0.22,-0.11,-0.11
2014-04-11 20:34:00,0.066,0.138058545864,0.0,0,-0.22,-0.11,-0.11
2014-04-11 20:44:00,0.068,0.138058545864,0.0,0,-0.22,-0.11,-0.11
2014-04-11 20:54:00,0.066,0.138058545864,0.0,0,-0.22,-0.11,-0.11
2014-04-11 21:04:00,0.066,0.138058545864,0.0,0,-0.22,-0.11,-0.11
2014-04-11 21:14:00,0.068,0.138058545864,0.0,0,-0.22,-0.11,-0.11
2014-04-11 21:24:00,0.066,0.138058545864,0.0,0,-0.22,-0.11,-0.11
2014-04-11 21:34:00,0.066,0.138058545864,0.0,0,-0.22,-0.11,-0.11
2014-04-11 21:44:00,0.132,0.138058545864,0.0,0,-0.22,-0.11,-0.11
2014-04-11 21:54:00,0.066,0.138058545864,0.0,0,-0.22,-0.11,-0.11
2014-04-11 22:04:00,0.066,0.138058545864,0.0,0,-0.22,-0.11,-0.11
2014-04-11 22:14:00,0.066,0.138058545864,0.0,0,-0.22,-0.11,-0.11
2014-04-11 22:24:00,0.134,0.138058545864,0.0,0,-0.22,-0.11,-0.11
2014-04-11 22:34:00,0.066,0.138058545864,0.0,0,-0.22,-0.11,-0.11
2014-04-11 22:44:00,0.066,0.138058545864,0.0,0,-0.22,-0.11,-0.11
2014-04-11 22:54:00,0.068,0.138058545864,0.0,0,-0.22,-0.11,-0.11
2014-04-11 23:04:00,0.134,0.138058545864,0.0,0,-0.22,-0.11,-0.11
2014-04-11 23:14:00,0.066,0.138058545864,0.0,0,-0.22,-0.11,-0.11
2014-04-11 23:24:00,0.066,0.138058545864,0.0,0,-0.22,-0.11,-0.11
2014-04-11 23:34:00,0.066,0.138058545864,0.0,0,-0.22,-0.11,-0.11
2014-04-11 23:44:00,0.066,0.138058545864,0.0,0,-0.22,-0.11,-0.11
2014-04-11 23:54:00,0.14,0.138058545864,0.0,0,-0.22,-0.11,-0.11
2014-04-12 00:04:00,0.132,0.138058545864,0.0,0,-0.22,-0.11,-0.11
2014-04-12 00:14:00,0.066,0.138058545864,0.0,0,-0.22,-0.11,-0.11
2014-04-12 00:24:00,0.066,0.138058545864,0.0,0,-0.22,-0.11,-0.11
2014-04-12 00:34:00,0.068,0.138058545864,0.0,0,-0.22,-0.11,-0.11
2014-04-12 00:44:00,0.066,0.138058545864,0.0,0,-0.22,-0.11,-0.11
2014-04-12 00:54:00,0.134,0.138058545864,0.0,0,-0.22,-0.11,-0.11
2014-04-12 01:04:00,0.066,0.138058545864,0.0,0,-0.22,-0.11,-0.11
2014-04-12 01:14:00,0.066,0.138058545864,0.0,0,-0.22,-0.11,-0.11
2014-04-12 01:24:00,0.066,0.138058545864,0.0,0,-0.22,-0.11,-0.11
2014-04-12 01:34:00,0.066,0.138058545864,0.0,0,-0.22,-0.11,-0.11
2014-04-12 01:44:00,0.066,0.138058545864,0.0,0,-0.22,-0.11,-0.11
2014-04-12 01:54:00,0.136,0.138058545864,0.0,0,-0.22,-0.11,-0.11
2014-04-12 02:04:00,0.132,0.138058545864,0.0,0,-0.22,-0.11,-0.11
2014-04-12 02:14:00,0.066,0.138058545864,0.0,0,-0.22,-0.11,-0.11
2014-04-12 02:24:00,0.066,0.138058545864,0.0,0,-0.22,-0.11,-0.11
2014-04-12 02:34:00,0.066,0.138058545864,0.0,0,-0.22,-0.11,-0.11
2014-04-12 02:44:00,0.068,0.138058545864,0.0,0,-0.22,-0.11,-0.11
2014-04-12 02:54:00,0.132,0.138058545864,0.0,0,-0.22,-0.11,-0.11
2014-04-12 03:04:00,1.466,0.125046560828,0.025,0,-0.22,-0.11,-0.11
2014-04-12 03:14:00,0.132,0.125046560828,0.0,0,-0.22,-0.11,-0.11
2014-04-12 03:24:00,0.066,0.125046560828,0.0,0,-0.22,-0.11,-0.11
2014-04-12 03:34:00,0.066,0.125046560828,0.0,0,-0.22,-0.11,-0.11
2014-04-12 03:44:00,0.066,0.125046560828,0.0,0,-0.22,-0.11,-0.11
2014-04-12 03:54:00,0.068,0.125046560828,0.0,0,-0.22,-0.11,-0.11
2014-04-12 04:04:00,0.068,0.125046560828,0.0,0,-0.22,-0.11,-0.11
2014-04-12 04:14:00,0.066,0.125046560828,0.0,0,-0.22,-0.11,-0.11
2014-04-12 04:24:00,0.066,0.125046560828,0.0,0,-0.22,-0.11,-0.11
2014-04-12 04:34:00,0.066,0.125046560828,0.0,0,-0.22,-0.11,-0.11
2014-04-12 04:44:00,0.134,0.138058545864,0.0,0,-0.22,-0.11,-0.11
2014-04-12 04:54:00,0.066,0.138058545864,0.0,0,-0.22,-0.11,-0.11
2014-04-12 05:04:00,0.066,0.138058545864,0.0,0,-0.22,-0.11,-0.11
2014-04-12 05:14:00,0.066,0.138058545864,0.0,0,-0.22,-0.11,-0.11
2014-04-12 05:24:00,0.132,0.138058545864,0.0,0,-0.22,-0.11,-0.11
2014-04-12 05:34:00,0.066,0.138058545864,0.0,0,-0.22,-0.11,-0.11
2014-04-12 05:44:00,0.068,0.138058545864,0.0,0,-0.22,-0.11,-0.11
2014-04-12 05:54:00,0.066,0.138058545864,0.0,0,-0.22,-0.11,-0.11
2014-04-12 06:04:00,0.134,0.138058545864,0.0,0,-0.22,-0.11,-0.11
2014-04-12 06:14:00,0.066,0.138058545864,0.0,0,-0.22,-0.11,-0.11
2014-04-12 06:24:00,0.066,0.138058545864,0.0,0,-0.22,-0.11,-0.11
2014-04-12 06:34:00,0.066,0.138058545864,0.0,0,-0.22,-0.11,-0.11
2014-04-12 06:44:00,0.066,0.138058545864,0.0,0,-0.22,-0.11,-0.11
2014-04-12 06:54:00,0.066,0.138058545864,0.0,0,-0.22,-0.11,-0.11
2014-04-12 07:04:00,0.066,0.138058545864,0.0,0,-0.22,-0.11,-0.11
2014-04-12 07:14:00,0.198,0.138058545864,0.0,0,-0.22,-0.11,-0.11
2014-04-12 07:24:00,0.066,0.138058545864,0.0,0,-0.22,-0.11,-0.11
2014-04-12 07:34:00,0.066,0.138058545864,0.0,0,-0.22,-0.11,-0.11
2014-04-12 07:44:00,0.066,0.138058545864,0.0,0,-0.22,-0.11,-0.11
2014-04-12 07:54:00,0.132,0.138058545864,0.0,0,-0.22,-0.11,-0.11
2014-04-12 08:04:00,0.066,0.138058545864,0.0,0,-0.22,-0.11,-0.11
2014-04-12 08:14:00,0.066,0.138058545864,0.0,0,-0.22,-0.11,-0.11
2014-04-12 08:24:00,0.066,0.138058545864,0.0,0,-0.22,-0.11,-0.11
2014-04-12 08:34:00,0.066,0.138058545864,0.0,0,-0.22,-0.11,-0.11
2014-04-12 08:44:00,0.132,0.138058545864,0.0,0,-0.22,-0.11,-0.11
2014-04-12 08:54:00,0.066,0.138058545864,0.0,0,-0.22,-0.11,-0.11
2014-04-12 09:04:00,0.134,0.138058545864,0.0,0,-0.22,-0.11,-0.11
2014-04-12 09:14:00,0.068,0.138058545864,0.0,0,-0.22,-0.11,-0.11
2014-04-12 09:24:00,0.066,0.138058545864,0.0,0,-0.22,-0.11,-0.11
2014-04-12 09:34:00,0.066,0.138058545864,0.0,0,-0.22,-0.11,-0.11
2014-04-12 09:44:00,0.066,0.138058545864,0.0,0,-0.22,-0.11,-0.11
2014-04-12 09:54:00,0.066,0.138058545864,0.0,0,-0.22,-0.11,-0.11
2014-04-12 10:04:00,0.132,0.138058545864,0.0,0,-0.22,-0.11,-0.11
2014-04-12 10:14:00,0.068,0.138058545864,0.0,0,-0.22,-0.11,-0.11
2014-04-12 10:24:00,0.066,0.138058545864,0.0,0,-0.22,-0.11,-0.11
2014-04-12 10:34:00,0.066,0.138058545864,0.0,0,-0.22,-0.11,-0.11
2014-04-12 10:44:00,0.068,0.138058545864,0.0,0,-0.22,-0.11,-0.11
2014-04-12 10:54:00,0.132,0.138058545864,0.0,0,-0.22,-0.11,-0.11
2014-04-12 11:04:00,0.066,0.138058545864,0.0,0,-0.22,-0.11,-0.11
2014-04-12 11:14:00,0.066,0.138058545864,0.0,0,-0.22,-0.11,-0.11
2014-04-12 11:24:00,0.066,0.138058545864,0.0,0,-0.22,-0.11,-0.11
2014-04-12 11:34:00,0.134,0.138058545864,0.0,0,-0.22,-0.11,-0.11
2014-04-12 11:44:00,0.068,0.138058545864,0.0,0,-0.22,-0.11,-0.11
2014-04-12 11:54:00,0.066,0.138058545864,0.0,0,-0.22,-0.11,-0.11
2014-04-12 12:04:00,0.066,0.138058545864,0.0,0,-0.22,-0.11,-0.11
2014-04-12 12:14:00,0.066,0.138058545864,0.0,0,-0.22,-0.11,-0.11
2014-04-12 12:24:00,0.068,0.138058545864,0.0,0,-0.22,-0.11,-0.11
2014-04-12 12:34:00,0.066,0.138058545864,0.0,0,-0.22,-0.11,-0.11
2014-04-12 12:44:00,0.066,0.138058545864,0.0,0,-0.22,-0.11,-0.11
2014-04-12 12:54:00,0.066,0.138058545864,0.0,0,-0.22,-0.11,-0.11
2014-04-12 13:04:00,0.132,0.138058545864,0.0,0,-0.22,-0.11,-0.11
2014-04-12 13:14:00,0.066,0.138058545864,0.0,0,-0.22,-0.11,-0.11
2014-04-12 13:24:00,0.066,0.138058545864,0.0,0,-0.22,-0.11,-0.11
2014-04-12 13:34:00,0.066,0.138058545864,0.0,0,-0.22,-0.11,-0.11
2014-04-12 13:44:00,0.066,0.138058545864,0.0,0,-0.22,-0.11,-0.11
2014-04-12 13:54:00,0.132,0.138058545864,0.0,0,-0.22,-0.11,-0.11
2014-04-12 14:04:00,0.066,0.138058545864,0.0,0,-0.22,-0.11,-0.11
2014-04-12 14:14:00,0.066,0.138058545864,0.0,0,-0.22,-0.11,-0.11
2014-04-12 14:24:00,0.066,0.138058545864,0.0,0,-0.22,-0.11,-0.11
2014-04-12 14:34:00,0.068,0.138058545864,0.0,0,-0.22,-0.11,-0.11
2014-04-12 14:44:00,0.066,0.138058545864,0.0,0,-0.22,-0.11,-0.11
2014-04-12 14:54:00,0.068,0.138058545864,0.0,0,-0.22,-0.11,-0.11
2014-04-12 15:04:00,0.066,0.138058545864,0.0,0,-0.22,-0.11,-0.11
2014-04-12 15:14:00,0.066,0.138058545864,0.0,0,-0.22,-0.11,-0.11
2014-04-12 15:24:00,0.134,0.138058545864,0.0,0,-0.22,-0.11,-0.11
2014-04-12 15:34:00,0.068,0.138058545864,0.0,0,-0.22,-0.11,-0.11
2014-04-12 15:44:00,0.066,0.138058545864,0.0,0,-0.22,-0.11,-0.11
2014-04-12 15:54:00,0.132,0.138058545864,0.0,0,-0.22,-0.11,-0.11
2014-04-12 16:04:00,0.066,0.138058545864,0.0,0,-0.22,-0.11,-0.11
2014-04-12 16:14:00,0.132,0.138058545864,0.0,0,-0.22,-0.11,-0.11
2014-04-12 16:24:00,0.066,0.138058545864,0.0,0,-0.22,-0.11,-0.11
2014-04-12 16:34:00,0.068,0.138058545864,0.0,0,-0.22,-0.11,-0.11
2014-04-12 16:44:00,0.134,0.138058545864,0.0,0,-0.22,-0.11,-0.11
2014-04-12 16:54:00,0.068,0.138058545864,0.0,0,-0.22,-0.11,-0.11
2014-04-12 17:04:00,0.134,0.138058545864,0.0,0,-0.22,-0.11,-0.11
2014-04-12 17:14:00,0.068,0.138058545864,0.0,0,-0.22,-0.11,-0.11
2014-04-12 17:24:00,0.066,0.138058545864,0.0,0,-0.22,-0.11,-0.11
2014-04-12 17:34:00,0.132,0.138058545864,0.0,0,-0.22,-0.11,-0.11
2014-04-12 17:44:00,0.134,0.138058545864,0.0,0,-0.22,-0.11,-0.11
2014-04-12 17:54:00,0.134,0.138058545864,0.0,0,-0.22,-0.11,-0.11
2014-04-12 18:04:00,0.066,0.138058545864,0.0,0,-0.22,-0.11,-0.11
2014-04-12 18:14:00,0.134,0.138058545864,0.0,0,-0.22,-0.11,-0.11
2014-04-12 18:24:00,0.066,0.138058545864,0.0,0,-0.22,-0.11,-0.11
2014-04-12 18:34:00,0.066,0.138058545864,0.0,0,-0.22,-0.11,-0.11
2014-04-12 18:44:00,0.132,0.138058545864,0.0,0,-0.22,-0.11,-0.11
2014-04-12 18:54:00,0.066,0.138058545864,0.0,0,-0.22,-0.11,-0.11
2014-04-12 19:04:00,0.066,0.138058545864,0.0,0,-0.22,-0.11,-0.11
2014-04-12 19:14:00,0.066,0.138058545864,0.0,0,-0.22,-0.11,-0.11
2014-04-12 19:24:00,0.066,0.138058545864,0.0,0,-0.22,-0.11,-0.11
2014-04-12 19:34:00,0.068,0.138058545864,0.0,0,-0.22,-0.11,-0.11
2014-04-12 19:44:00,0.066,0.138058545864,0.0,0,-0.22,-0.11,-0.11
2014-04-12 19:54:00,0.068,0.138058545864,0.0,0,-0.22,-0.11,-0.11
2014-04-12 20:04:00,0.066,0.138058545864,0.0,0,-0.22,-0.11,-0.11
2014-04-12 20:14:00,0.134,0.138058545864,0.0,0,-0.22,-0.11,-0.11
2014-04-12 20:24:00,0.068,0.138058545864,0.0,0,-0.22,-0.11,-0.11
2014-04-12 20:34:00,0.068,0.138058545864,0.0,0,-0.22,-0.11,-0.11
2014-04-12 20:44:00,0.134,0.138058545864,0.0,0,-0.22,-0.11,-0.11
2014-04-12 20:54:00,0.068,0.138058545864,0.0,0,-0.22,-0.11,-0.11
2014-04-12 21:04:00,0.066,0.138058545864,0.0,0,-0.22,-0.11,-0.11
2014-04-12 21:14:00,0.066,0.138058545864,0.0,0,-0.22,-0.11,-0.11
2014-04-12 21:24:00,0.066,0.138058545864,0.0,0,-0.22,-0.11,-0.11
2014-04-12 21:34:00,0.066,0.138058545864,0.0,0,-0.22,-0.11,-0.11
2014-04-12 21:44:00,0.066,0.138058545864,0.0,0,-0.22,-0.11,-0.11
2014-04-12 21:54:00,0.068,0.138058545864,0.0,0,-0.22,-0.11,-0.11
2014-04-12 22:04:00,0.066,0.138058545864,0.0,0,-0.22,-0.11,-0.11
2014-04-12 22:14:00,0.134,0.138058545864,0.0,0,-0.22,-0.11,-0.11
2014-04-12 22:24:00,0.066,0.138058545864,0.0,0,-0.22,-0.11,-0.11
2014-04-12 22:34:00,0.066,0.138058545864,0.0,0,-0.22,-0.11,-0.11
2014-04-12 22:44:00,0.136,0.138058545864,0.0,0,-0.22,-0.11,-0.11
2014-04-12 22:54:00,0.066,0.138058545864,0.0,0,-0.22,-0.11,-0.11
2014-04-12 23:04:00,0.132,0.138058545864,0.0,0,-0.22,-0.11,-0.11
2014-04-12 23:14:00,0.066,0.138058545864,0.0,0,-0.22,-0.11,-0.11
2014-04-12 23:24:00,0.066,0.138058545864,0.0,0,-0.22,-0.11,-0.11
2014-04-12 23:34:00,0.132,0.138058545864,0.0,0,-0.22,-0.11,-0.11
2014-04-12 23:44:00,0.066,0.138058545864,0.0,0,-0.22,-0.11,-0.11
2014-04-12 23:54:00,0.066,0.138058545864,0.0,0,-0.22,-0.11,-0.11
2014-04-13 00:04:00,0.068,0.138058545864,0.0,0,-0.22,-0.11,-0.11
2014-04-13 00:14:00,0.068,0.138058545864,0.0,0,-0.22,-0.11,-0.11
2014-04-13 00:24:00,0.066,0.138058545864,0.0,0,-0.22,-0.11,-0.11
2014-04-13 00:34:00,0.066,0.138058545864,0.0,0,-0.22,-0.11,-0.11
2014-04-13 00:44:00,0.066,0.138058545864,0.0,0,-0.22,-0.11,-0.11
2014-04-13 00:54:00,0.066,0.138058545864,0.0,0,-0.22,-0.11,-0.11
2014-04-13 01:04:00,0.066,0.138058545864,0.0,0,-0.22,-0.11,-0.11
2014-04-13 01:14:00,0.066,0.138058545864,0.0,0,-0.22,-0.11,-0.11
2014-04-13 01:24:00,0.134,0.138058545864,0.0,0,-0.22,-0.11,-0.11
2014-04-13 01:34:00,0.066,0.138058545864,0.0,0,-0.22,-0.11,-0.11
2014-04-13 01:44:00,0.066,0.138058545864,0.0,0,-0.22,-0.11,-0.11
2014-04-13 01:54:00,0.136,0.138058545864,0.0,0,-0.22,-0.11,-0.11
2014-04-13 02:04:00,0.068,0.138058545864,0.0,0,-0.22,-0.11,-0.11
2014-04-13 02:14:00,0.066,0.138058545864,0.0,0,-0.22,-0.11,-0.11
2014-04-13 02:24:00,0.066,0.138058545864,0.0,0,-0.22,-0.11,-0.11
2014-04-13 02:34:00,0.134,0.138058545864,0.0,0,-0.22,-0.11,-0.11
2014-04-13 02:44:00,0.068,0.138058545864,0.0,0,-0.22,-0.11,-0.11
2014-04-13 02:54:00,0.068,0.138058545864,0.0,0,-0.22,-0.11,-0.11
2014-04-13 03:04:00,0.066,0.138058545864,0.0,0,-0.22,-0.11,-0.11
2014-04-13 03:14:00,0.066,0.138058545864,0.0,0,-0.22,-0.11,-0.11
2014-04-13 03:24:00,0.066,0.138058545864,0.0,0,-0.22,-0.11,-0.11
2014-04-13 03:34:00,0.134,0.138058545864,0.0,0,-0.22,-0.11,-0.11
2014-04-13 03:44:00,0.066,0.138058545864,0.0,0,-0.22,-0.11,-0.11
2014-04-13 03:54:00,0.068,0.138058545864,0.0,0,-0.22,-0.11,-0.11
2014-04-13 04:04:00,0.066,0.138058545864,0.0,0,-0.22,-0.11,-0.11
2014-04-13 04:14:00,0.068,0.11281038723,0.05,0,-0.22,-0.11,-0.11
2014-04-13 04:24:00,0.134,0.11281038723,0.0,0,-0.22,-0.11,-0.11
2014-04-13 04:34:00,0.066,0.11281038723,0.0,0,-0.22,-0.11,-0.11
2014-04-13 04:44:00,0.068,0.11281038723,0.0,0,-0.22,-0.11,-0.11
2014-04-13 04:54:00,0.134,0.11281038723,0.0,0,-0.22,-0.11,-0.11
2014-04-13 05:04:00,0.066,0.11281038723,0.0,0,-0.22,-0.11,-0.11
2014-04-13 05:14:00,0.134,0.11281038723,0.0,0,-0.22,-0.11,-0.11
2014-04-13 05:24:00,0.068,0.11281038723,0.0,0,-0.22,-0.11,-0.11
2014-04-13 05:34:00,0.066,0.11281038723,0.0,0,-0.22,-0.11,-0.11
2014-04-13 05:44:00,0.134,0.11281038723,0.0,0,-0.22,-0.11,-0.11
2014-04-13 05:54:00,0.066,0.138058545864,0.0,0,-0.22,-0.11,-0.11
2014-04-13 06:04:00,0.132,0.138058545864,0.0,0,-0.22,-0.11,-0.11
2014-04-13 06:14:00,0.066,0.138058545864,0.0,0,-0.22,-0.11,-0.11
2014-04-13 06:24:00,0.066,0.138058545864,0.0,0,-0.22,-0.11,-0.11
2014-04-13 06:34:00,0.066,0.138058545864,0.0,0,-0.22,-0.11,-0.11
2014-04-13 06:44:00,0.068,0.138058545864,0.0,0,-0.22,-0.11,-0.11
2014-04-13 06:54:00,0.068,0.138058545864,0.0,0,-0.22,-0.11,-0.11
2014-04-13 07:04:00,0.066,0.138058545864,0.0,0,-0.22,-0.11,-0.11
2014-04-13 07:14:00,0.134,0.138058545864,0.0,0,-0.22,-0.11,-0.11
2014-04-13 07:24:00,0.068,0.138058545864,0.0,0,-0.22,-0.11,-0.11
2014-04-13 07:34:00,0.066,0.138058545864,0.0,0,-0.22,-0.11,-0.11
2014-04-13 07:44:00,0.134,0.138058545864,0.0,0,-0.22,-0.11,-0.11
2014-04-13 07:54:00,0.066,0.138058545864,0.0,0,-0.22,-0.11,-0.11
2014-04-13 08:04:00,0.066,0.138058545864,0.0,0,-0.22,-0.11,-0.11
2014-04-13 08:14:00,0.066,0.138058545864,0.0,0,-0.22,-0.11,-0.11
2014-04-13 08:24:00,0.066,0.138058545864,0.0,0,-0.22,-0.11,-0.11
2014-04-13 08:34:00,0.068,0.138058545864,0.0,0,-0.22,-0.11,-0.11
2014-04-13 08:44:00,0.066,0.138058545864,0.0,0,-0.22,-0.11,-0.11
2014-04-13 08:54:00,0.066,0.138058545864,0.0,0,-0.22,-0.11,-0.11
2014-04-13 09:04:00,0.066,0.138058545864,0.0,0,-0.22,-0.11,-0.11
2014-04-13 09:14:00,0.068,0.138058545864,0.0,0,-0.22,-0.11,-0.11
2014-04-13 09:24:00,0.068,0.138058545864,0.0,0,-0.22,-0.11,-0.11
2014-04-13 09:34:00,0.066,0.138058545864,0.0,0,-0.22,-0.11,-0.11
2014-04-13 09:44:00,0.134,0.138058545864,0.0,0,-0.22,-0.11,-0.11
2014-04-13 09:54:00,0.068,0.138058545864,0.0,0,-0.22,-0.11,-0.11
2014-04-13 10:04:00,0.134,0.138058545864,0.0,0,-0.22,-0.11,-0.11
2014-04-13 10:14:00,0.066,0.138058545864,0.0,0,-0.22,-0.11,-0.11
2014-04-13 10:24:00,0.068,0.138058545864,0.0,0,-0.22,-0.11,-0.11
2014-04-13 10:34:00,0.068,0.138058545864,0.0,0,-0.22,-0.11,-0.11
2014-04-13 10:44:00,0.066,0.138058545864,0.0,0,-0.22,-0.11,-0.11
2014-04-13 10:54:00,0.068,0.138058545864,0.0,0,-0.22,-0.11,-0.11
2014-04-13 11:04:00,0.068,0.138058545864,0.0,0,-0.22,-0.11,-0.11
2014-04-13 11:14:00,0.066,0.138058545864,0.0,0,-0.22,-0.11,-0.11
2014-04-13 11:24:00,0.068,0.138058545864,0.0,0,-0.22,-0.11,-0.11
2014-04-13 11:34:00,0.066,0.138058545864,0.0,0,-0.22,-0.11,-0.11
2014-04-13 11:44:00,0.066,0.138058545864,0.0,0,-0.22,-0.11,-0.11
2014-04-13 11:54:00,0.068,0.138058545864,0.0,0,-0.22,-0.11,-0.11
2014-04-13 12:04:00,0.134,0.138058545864,0.0,0,-0.22,-0.11,-0.11
2014-04-13 12:14:00,0.066,0.138058545864,0.0,0,-0.22,-0.11,-0.11
2014-04-13 12:24:00,0.066,0.138058545864,0.0,0,-0.22,-0.11,-0.11
2014-04-13 12:34:00,0.066,0.138058545864,0.0,0,-0.22,-0.11,-0.11
2014-04-13 12:44:00,0.066,0.138058545864,0.0,0,-0.22,-0.11,-0.11
2014-04-13 12:54:00,0.066,0.138058545864,0.0,0,-0.22,-0.11,-0.11
2014-04-13 13:04:00,0.066,0.138058545864,0.0,0,-0.22,-0.11,-0.11
2014-04-13 13:14:00,0.2,0.138058545864,0.0,0,-0.22,-0.11,-0.11
2014-04-13 13:24:00,0.066,0.138058545864,0.0,0,-0.22,-0.11,-0.11
2014-04-13 13:34:00,0.066,0.138058545864,0.0,0,-0.22,-0.11,-0.11
2014-04-13 13:44:00,0.068,0.138058545864,0.0,0,-0.22,-0.11,-0.11
2014-04-13 13:54:00,0.066,0.138058545864,0.0,0,-0.22,-0.11,-0.11
2014-04-13 14:04:00,0.066,0.138058545864,0.0,0,-0.22,-0.11,-0.11
2014-04-13 14:14:00,0.134,0.138058545864,0.0,0,-0.22,-0.11,-0.11
2014-04-13 14:24:00,0.068,0.138058545864,0.0,0,-0.22,-0.11,-0.11
2014-04-13 14:34:00,0.066,0.138058545864,0.0,0,-0.22,-0.11,-0.11
2014-04-13 14:44:00,0.136,0.138058545864,0.0,0,-0.22,-0.11,-0.11
2014-04-13 14:54:00,0.066,0.138058545864,0.0,0,-0.22,-0.11,-0.11
2014-04-13 15:04:00,0.066,0.138058545864,0.0,0,-0.22,-0.11,-0.11
2014-04-13 15:14:00,0.066,0.138058545864,0.0,0,-0.22,-0.11,-0.11
2014-04-13 15:24:00,0.066,0.138058545864,0.0,0,-0.22,-0.11,-0.11
2014-04-13 15:34:00,0.066,0.138058545864,0.0,0,-0.22,-0.11,-0.11
2014-04-13 15:44:00,0.068,0.138058545864,0.0,0,-0.22,-0.11,-0.11
2014-04-13 15:54:00,0.134,0.138058545864,0.0,0,-0.22,-0.11,-0.11
2014-04-13 16:04:00,0.068,0.138058545864,0.0,0,-0.22,-0.11,-0.11
2014-04-13 16:14:00,0.132,0.138058545864,0.0,0,-0.22,-0.11,-0.11
2014-04-13 16:24:00,0.066,0.138058545864,0.0,0,-0.22,-0.11,-0.11
2014-04-13 16:34:00,0.066,0.138058545864,0.0,0,-0.22,-0.11,-0.11
2014-04-13 16:44:00,0.068,0.138058545864,0.0,0,-0.22,-0.11,-0.11
2014-04-13 16:54:00,0.068,0.138058545864,0.0,0,-0.22,-0.11,-0.11
2014-04-13 17:04:00,0.068,0.138058545864,0.0,0,-0.22,-0.11,-0.11
2014-04-13 17:14:00,0.066,0.138058545864,0.0,0,-0.22,-0.11,-0.11
2014-04-13 17:24:00,0.136,0.138058545864,0.0,0,-0.22,-0.11,-0.11
2014-04-13 17:34:00,0.066,0.138058545864,0.0,0,-0.22,-0.11,-0.11
2014-04-13 17:44:00,0.066,0.138058545864,0.0,0,-0.22,-0.11,-0.11
2014-04-13 17:54:00,0.134,0.138058545864,0.0,0,-0.22,-0.11,-0.11
2014-04-13 18:04:00,0.066,0.138058545864,0.0,0,-0.22,-0.11,-0.11
2014-04-13 18:14:00,0.066,0.138058545864,0.0,0,-0.22,-0.11,-0.11
2014-04-13 18:24:00,0.066,0.138058545864,0.0,0,-0.22,-0.11,-0.11
2014-04-13 18:34:00,0.132,0.138058545864,0.0,0,-0.22,-0.11,-0.11
2014-04-13 18:44:00,0.066,0.138058545864,0.0,0,-0.22,-0.11,-0.11
2014-04-13 18:54:00,0.066,0.138058545864,0.0,0,-0.22,-0.11,-0.11
2014-04-13 19:04:00,0.068,0.138058545864,0.0,0,-0.22,-0.11,-0.11
2014-04-13 19:14:00,0.068,0.138058545864,0.0,0,-0.22,-0.11,-0.11
2014-04-13 19:24:00,0.066,0.138058545864,0.0,0,-0.22,-0.11,-0.11
2014-04-13 19:34:00,0.066,0.138058545864,0.0,0,-0.22,-0.11,-0.11
2014-04-13 19:44:00,0.066,0.138058545864,0.0,0,-0.22,-0.11,-0.11
2014-04-13 19:54:00,0.066,0.138058545864,0.0,0,-0.22,-0.11,-0.11
2014-04-13 20:04:00,0.066,0.138058545864,0.0,0,-0.22,-0.11,-0.11
2014-04-13 20:14:00,0.066,0.138058545864,0.0,0,-0.22,-0.11,-0.11
2014-04-13 20:24:00,0.066,0.138058545864,0.0,0,-0.22,-0.11,-0.11
2014-04-13 20:34:00,0.066,0.138058545864,0.0,0,-0.22,-0.11,-0.11
2014-04-13 20:44:00,0.066,0.138058545864,0.0,0,-0.22,-0.11,-0.11
2014-04-13 20:54:00,0.066,0.138058545864,0.0,0,-0.22,-0.11,-0.11
2014-04-13 21:04:00,0.066,0.138058545864,0.0,0,-0.22,-0.11,-0.11
2014-04-13 21:14:00,0.068,0.138058545864,0.0,0,-0.22,-0.11,-0.11
2014-04-13 21:24:00,0.134,0.138058545864,0.0,0,-0.22,-0.11,-0.11
2014-04-13 21:34:00,0.066,0.138058545864,0.0,0,-0.22,-0.11,-0.11
2014-04-13 21:44:00,0.068,0.138058545864,0.0,0,-0.22,-0.11,-0.11
2014-04-13 21:54:00,0.066,0.138058545864,0.0,0,-0.22,-0.11,-0.11
2014-04-13 22:04:00,0.066,0.138058545864,0.0,0,-0.22,-0.11,-0.11
2014-04-13 22:14:00,0.066,0.138058545864,0.0,0,-0.22,-0.11,-0.11
2014-04-13 22:24:00,0.066,0.138058545864,0.0,0,-0.22,-0.11,-0.11
2014-04-13 22:34:00,0.066,0.138058545864,0.0,0,-0.22,-0.11,-0.11
2014-04-13 22:44:00,0.066,0.138058545864,0.0,0,-0.22,-0.11,-0.11
2014-04-13 22:54:00,0.132,0.138058545864,0.0,0,-0.22,-0.11,-0.11
2014-04-13 23:04:00,0.066,0.138058545864,0.0,0,-0.22,-0.11,-0.11
2014-04-13 23:14:00,0.066,0.138058545864,0.0,0,-0.22,-0.11,-0.11
2014-04-13 23:24:00,0.068,0.138058545864,0.0,0,-0.22,-0.11,-0.11
2014-04-13 23:34:00,0.066,0.138058545864,0.0,0,-0.22,-0.11,-0.11
2014-04-13 23:44:00,0.066,0.138058545864,0.0,0,-0.22,-0.11,-0.11
2014-04-13 23:54:00,0.2,0.125046560828,0.025,0,-0.22,-0.11,-0.11
2014-04-14 00:04:00,0.134,0.125046560828,0.0,0,-0.22,-0.11,-0.11
2014-04-14 00:14:00,0.066,0.125046560828,0.0,0,-0.22,-0.11,-0.11
2014-04-14 00:24:00,0.066,0.125046560828,0.0,0,-0.22,-0.11,-0.11
2014-04-14 00:34:00,0.134,0.125046560828,0.0,0,-0.22,-0.11,-0.11
2014-04-14 00:44:00,0.068,0.125046560828,0.0,0,-0.22,-0.11,-0.11
2014-04-14 00:54:00,0.066,0.125046560828,0.0,0,-0.22,-0.11,-0.11
2014-04-14 01:04:00,0.066,0.125046560828,0.0,0,-0.22,-0.11,-0.11
2014-04-14 01:14:00,0.132,0.125046560828,0.0,0,-0.22,-0.11,-0.11
2014-04-14 01:24:00,0.066,0.125046560828,0.0,0,-0.22,-0.11,-0.11
2014-04-14 01:34:00,0.066,0.138058545864,0.0,0,-0.22,-0.11,-0.11
2014-04-14 01:44:00,0.068,0.138058545864,0.0,0,-0.22,-0.11,-0.11
2014-04-14 01:54:00,0.066,0.138058545864,0.0,0,-0.22,-0.11,-0.11
2014-04-14 02:04:00,0.066,0.138058545864,0.0,0,-0.22,-0.11,-0.11
2014-04-14 02:14:00,0.068,0.138058545864,0.0,0,-0.22,-0.11,-0.11
2014-04-14 02:24:00,0.134,0.138058545864,0.0,0,-0.22,-0.11,-0.11
2014-04-14 02:34:00,0.066,0.138058545864,0.0,0,-0.22,-0.11,-0.11
2014-04-14 02:44:00,0.066,0.138058545864,0.0,0,-0.22,-0.11,-0.11
2014-04-14 02:54:00,0.134,0.138058545864,0.0,0,-0.22,-0.11,-0.11
2014-04-14 03:04:00,0.066,0.138058545864,0.0,0,-0.22,-0.11,-0.11
2014-04-14 03:14:00,0.066,0.138058545864,0.0,0,-0.22,-0.11,-0.11
2014-04-14 03:24:00,0.068,0.125046560828,0.025,0,-0.22,-0.11,-0.11
2014-04-14 03:34:00,0.134,0.125046560828,0.0,0,-0.22,-0.11,-0.11
2014-04-14 03:44:00,0.066,0.125046560828,0.0,0,-0.22,-0.11,-0.11
2014-04-14 03:54:00,0.066,0.125046560828,0.0,0,-0.22,-0.11,-0.11
2014-04-14 04:04:00,0.066,0.125046560828,0.0,0,-0.22,-0.11,-0.11
2014-04-14 04:14:00,0.068,0.125046560828,0.0,0,-0.22,-0.11,-0.11
2014-04-14 04:24:00,0.068,0.125046560828,0.0,0,-0.22,-0.11,-0.11
2014-04-14 04:34:00,0.068,0.125046560828,0.0,0,-0.22,-0.11,-0.11
2014-04-14 04:44:00,0.066,0.125046560828,0.0,0,-0.22,-0.11,-0.11
2014-04-14 04:54:00,0.068,0.125046560828,0.0,0,-0.22,-0.11,-0.11
2014-04-14 05:04:00,0.134,0.138058545864,0.0,0,-0.22,-0.11,-0.11
2014-04-14 05:14:00,0.068,0.138058545864,0.0,0,-0.22,-0.11,-0.11
2014-04-14 05:24:00,0.066,0.138058545864,0.0,0,-0.22,-0.11,-0.11
2014-04-14 05:34:00,0.134,0.138058545864,0.0,0,-0.22,-0.11,-0.11
2014-04-14 05:44:00,0.068,0.138058545864,0.0,0,-0.22,-0.11,-0.11
2014-04-14 05:54:00,0.068,0.138058545864,0.0,0,-0.22,-0.11,-0.11
2014-04-14 06:04:00,0.068,0.138058545864,0.0,0,-0.22,-0.11,-0.11
2014-04-14 06:14:00,0.068,0.138058545864,0.0,0,-0.22,-0.11,-0.11
2014-04-14 06:24:00,0.066,0.138058545864,0.0,0,-0.22,-0.11,-0.11
2014-04-14 06:34:00,0.068,0.138058545864,0.0,0,-0.22,-0.11,-0.11
2014-04-14 06:44:00,0.066,0.138058545864,0.0,0,-0.22,-0.11,-0.11
2014-04-14 06:54:00,0.066,0.138058545864,0.0,0,-0.22,-0.11,-0.11
2014-04-14 07:04:00,0.136,0.138058545864,0.0,0,-0.22,-0.11,-0.11
2014-04-14 07:14:00,0.068,0.138058545864,0.0,0,-0.22,-0.11,-0.11
2014-04-14 07:24:00,0.068,0.138058545864,0.0,0,-0.22,-0.11,-0.11
2014-04-14 07:34:00,0.134,0.138058545864,0.0,0,-0.22,-0.11,-0.11
2014-04-14 07:44:00,0.068,0.138058545864,0.0,0,-0.22,-0.11,-0.11
2014-04-14 07:54:00,0.134,0.138058545864,0.0,0,-0.22,-0.11,-0.11
2014-04-14 08:04:00,0.066,0.138058545864,0.0,0,-0.22,-0.11,-0.11
2014-04-14 08:14:00,0.066,0.138058545864,0.0,0,-0.22,-0.11,-0.11
2014-04-14 08:24:00,0.132,0.138058545864,0.0,0,-0.22,-0.11,-0.11
2014-04-14 08:34:00,0.068,0.138058545864,0.0,0,-0.22,-0.11,-0.11
2014-04-14 08:44:00,0.066,0.138058545864,0.0,0,-0.22,-0.11,-0.11
2014-04-14 08:54:00,0.066,0.138058545864,0.0,0,-0.22,-0.11,-0.11
2014-04-14 09:04:00,0.134,0.138058545864,0.0,0,-0.22,-0.11,-0.11
2014-04-14 09:14:00,0.068,0.138058545864,0.0,0,-0.22,-0.11,-0.11
2014-04-14 09:24:00,0.066,0.138058545864,0.0,0,-0.22,-0.11,-0.11
2014-04-14 09:34:00,0.132,0.138058545864,0.0,0,-0.22,-0.11,-0.11
2014-04-14 09:44:00,0.068,0.138058545864,0.0,0,-0.22,-0.11,-0.11
2014-04-14 09:54:00,0.066,0.138058545864,0.0,0,-0.22,-0.11,-0.11
2014-04-14 10:04:00,0.066,0.138058545864,0.0,0,-0.22,-0.11,-0.11
2014-04-14 10:14:00,0.068,0.138058545864,0.0,0,-0.22,-0.11,-0.11
2014-04-14 10:24:00,0.134,0.138058545864,0.0,0,-0.22,-0.11,-0.11
2014-04-14 10:34:00,0.068,0.138058545864,0.0,0,-0.22,-0.11,-0.11
2014-04-14 10:44:00,0.134,0.138058545864,0.0,0,-0.22,-0.11,-0.11
2014-04-14 10:54:00,0.066,0.138058545864,0.0,0,-0.22,-0.11,-0.11
2014-04-14 11:04:00,0.066,0.138058545864,0.0,0,-0.22,-0.11,-0.11
2014-04-14 11:14:00,0.066,0.138058545864,0.0,0,-0.22,-0.11,-0.11
2014-04-14 11:24:00,0.066,0.138058545864,0.0,0,-0.22,-0.11,-0.11
2014-04-14 11:34:00,0.068,0.138058545864,0.0,0,-0.22,-0.11,-0.11
2014-04-14 11:44:00,0.066,0.138058545864,0.0,0,-0.22,-0.11,-0.11
2014-04-14 11:54:00,0.132,0.138058545864,0.0,0,-0.22,-0.11,-0.11
2014-04-14 12:04:00,0.066,0.138058545864,0.0,0,-0.22,-0.11,-0.11
2014-04-14 12:14:00,0.134,0.138058545864,0.0,0,-0.22,-0.11,-0.11
2014-04-14 12:24:00,0.066,0.138058545864,0.0,0,-0.22,-0.11,-0.11
2014-04-14 12:34:00,0.066,0.138058545864,0.0,0,-0.22,-0.11,-0.11
2014-04-14 12:44:00,0.066,0.138058545864,0.0,0,-0.22,-0.11,-0.11
2014-04-14 12:54:00,0.068,0.138058545864,0.0,0,-0.22,-0.11,-0.11
2014-04-14 13:04:00,0.068,0.138058545864,0.0,0,-0.22,-0.11,-0.11
2014-04-14 13:14:00,0.068,0.138058545864,0.0,0,-0.22,-0.11,-0.11
2014-04-14 13:24:00,0.066,0.138058545864,0.0,0,-0.22,-0.11,-0.11
2014-04-14 13:34:00,0.068,0.138058545864,0.0,0,-0.22,-0.11,-0.11
2014-04-14 13:44:00,0.134,0.138058545864,0.0,0,-0.22,-0.11,-0.11
2014-04-14 13:54:00,0.066,0.138058545864,0.0,0,-0.22,-0.11,-0.11
2014-04-14 14:04:00,0.066,0.138058545864,0.0,0,-0.22,-0.11,-0.11
2014-04-14 14:14:00,0.066,0.138058545864,0.0,0,-0.22,-0.11,-0.11
2014-04-14 14:24:00,0.132,0.138058545864,0.0,0,-0.22,-0.11,-0.11
2014-04-14 14:34:00,0.066,0.138058545864,0.0,0,-0.22,-0.11,-0.11
2014-04-14 14:44:00,0.068,0.138058545864,0.0,0,-0.22,-0.11,-0.11
2014-04-14 14:54:00,0.068,0.138058545864,0.0,0,-0.22,-0.11,-0.11
2014-04-14 15:04:00,0.066,0.138058545864,0.0,0,-0.22,-0.11,-0.11
2014-04-14 15:14:00,0.066,0.138058545864,0.0,0,-0.22,-0.11,-0.11
2014-04-14 15:24:00,0.066,0.138058545864,0.0,0,-0.22,-0.11,-0.11
2014-04-14 15:34:00,0.136,0.138058545864,0.0,0,-0.22,-0.11,-0.11
2014-04-14 15:44:00,0.066,0.138058545864,0.0,0,-0.22,-0.11,-0.11
2014-04-14 15:54:00,0.068,0.138058545864,0.0,0,-0.22,-0.11,-0.11
2014-04-14 16:04:00,0.066,0.138058545864,0.0,0,-0.22,-0.11,-0.11
2014-04-14 16:14:00,0.134,0.138058545864,0.0,0,-0.22,-0.11,-0.11
2014-04-14 16:24:00,0.066,0.138058545864,0.0,0,-0.22,-0.11,-0.11
2014-04-14 16:34:00,0.066,0.138058545864,0.0,0,-0.22,-0.11,-0.11
2014-04-14 16:44:00,0.132,0.138058545864,0.0,0,-0.22,-0.11,-0.11
2014-04-14 16:54:00,0.066,0.138058545864,0.0,0,-0.22,-0.11,-0.11
2014-04-14 17:04:00,0.068,0.138058545864,0.0,0,-0.22,-0.11,-0.11
2014-04-14 17:14:00,0.066,0.138058545864,0.0,0,-0.22,-0.11,-0.11
2014-04-14 17:24:00,0.066,0.138058545864,0.0,0,-0.22,-0.11,-0.11
2014-04-14 17:34:00,0.068,0.138058545864,0.0,0,-0.22,-0.11,-0.11
2014-04-14 17:44:00,0.066,0.138058545864,0.0,0,-0.22,-0.11,-0.11
2014-04-14 17:54:00,0.136,0.138058545864,0.0,0,-0.22,-0.11,-0.11
2014-04-14 18:04:00,0.066,0.138058545864,0.0,0,-0.22,-0.11,-0.11
2014-04-14 18:14:00,0.066,0.138058545864,0.0,0,-0.22,-0.11,-0.11
2014-04-14 18:24:00,0.066,0.138058545864,0.0,0,-0.22,-0.11,-0.11
2014-04-14 18:34:00,0.134,0.138058545864,0.0,0,-0.22,-0.11,-0.11
2014-04-14 18:44:00,0.066,0.138058545864,0.0,0,-0.22,-0.11,-0.11
2014-04-14 18:54:00,0.134,0.138058545864,0.0,0,-0.22,-0.11,-0.11
2014-04-14 19:04:00,0.066,0.138058545864,0.0,0,-0.22,-0.11,-0.11
2014-04-14 19:14:00,0.066,0.138058545864,0.0,0,-0.22,-0.11,-0.11
2014-04-14 19:24:00,0.068,0.138058545864,0.0,0,-0.22,-0.11,-0.11
2014-04-14 19:34:00,0.068,0.138058545864,0.0,0,-0.22,-0.11,-0.11
2014-04-14 19:44:00,0.132,0.138058545864,0.0,0,-0.22,-0.11,-0.11
2014-04-14 19:54:00,0.068,0.138058545864,0.0,0,-0.22,-0.11,-0.11
2014-04-14 20:04:00,0.134,0.138058545864,0.0,0,-0.22,-0.11,-0.11
2014-04-14 20:14:00,0.066,0.138058545864,0.0,0,-0.22,-0.11,-0.11
2014-04-14 20:24:00,0.068,0.138058545864,0.0,0,-0.22,-0.11,-0.11
2014-04-14 20:34:00,0.066,0.138058545864,0.0,0,-0.22,-0.11,-0.11
2014-04-14 20:44:00,0.066,0.138058545864,0.0,0,-0.22,-0.11,-0.11
2014-04-14 20:54:00,0.066,0.138058545864,0.0,0,-0.22,-0.11,-0.11
2014-04-14 21:04:00,0.134,0.138058545864,0.0,0,-0.22,-0.11,-0.11
2014-04-14 21:14:00,0.066,0.138058545864,0.0,0,-0.22,-0.11,-0.11
2014-04-14 21:24:00,0.066,0.138058545864,0.0,0,-0.22,-0.11,-0.11
2014-04-14 21:34:00,0.132,0.138058545864,0.0,0,-0.22,-0.11,-0.11
2014-04-14 21:44:00,0.066,0.138058545864,0.0,0,-0.22,-0.11,-0.11
2014-04-14 21:54:00,0.068,0.138058545864,0.0,0,-0.22,-0.11,-0.11
2014-04-14 22:04:00,0.066,0.138058545864,0.0,0,-0.22,-0.11,-0.11
2014-04-14 22:14:00,0.066,0.138058545864,0.0,0,-0.22,-0.11,-0.11
2014-04-14 22:24:00,0.066,0.138058545864,0.0,0,-0.22,-0.11,-0.11
2014-04-14 22:34:00,0.066,0.138058545864,0.0,0,-0.22,-0.11,-0.11
2014-04-14 22:44:00,0.134,0.138058545864,0.0,0,-0.22,-0.11,-0.11
2014-04-14 22:54:00,0.066,0.138058545864,0.0,0,-0.22,-0.11,-0.11
2014-04-14 23:04:00,0.134,0.138058545864,0.0,0,-0.22,-0.11,-0.11
2014-04-14 23:14:00,0.066,0.138058545864,0.0,0,-0.22,-0.11,-0.11
2014-04-14 23:24:00,0.066,0.138058545864,0.0,0,-0.22,-0.11,-0.11
2014-04-14 23:34:00,0.068,0.138058545864,0.0,0,-0.22,-0.11,-0.11
2014-04-14 23:44:00,0.068,0.138058545864,0.0,0,-0.22,-0.11,-0.11
2014-04-14 23:54:00,0.066,0.138058545864,0.0,0,-0.22,-0.11,-0.11
2014-04-15 00:04:00,0.068,0.138058545864,0.0,0,-0.22,-0.11,-0.11
2014-04-15 00:14:00,0.066,0.138058545864,0.0,0,-0.22,-0.11,-0.11
2014-04-15 00:24:00,0.068,0.138058545864,0.0,0,-0.22,-0.11,-0.11
2014-04-15 00:34:00,0.068,0.138058545864,0.0,0,-0.22,-0.11,-0.11
2014-04-15 00:44:00,0.132,0.138058545864,0.0,0,-0.22,-0.11,-0.11
2014-04-15 00:54:00,0.066,0.138058545864,0.0,0,-0.22,-0.11,-0.11
2014-04-15 01:04:00,0.066,0.138058545864,0.0,0,-0.22,-0.11,-0.11
2014-04-15 01:14:00,0.066,0.138058545864,0.0,0,-0.22,-0.11,-0.11
2014-04-15 01:24:00,0.066,0.138058545864,0.0,0,-0.22,-0.11,-0.11
2014-04-15 01:34:00,0.066,0.138058545864,0.0,0,-0.22,-0.11,-0.11
2014-04-15 01:44:00,0.066,0.138058545864,0.0,0,-0.22,-0.11,-0.11
2014-04-15 01:54:00,0.132,0.138058545864,0.0,0,-0.22,-0.11,-0.11
2014-04-15 02:04:00,0.066,0.138058545864,0.0,0,-0.22,-0.11,-0.11
2014-04-15 02:14:00,0.066,0.138058545864,0.0,0,-0.22,-0.11,-0.11
2014-04-15 02:24:00,0.066,0.138058545864,0.0,0,-0.22,-0.11,-0.11
2014-04-15 02:34:00,0.066,0.138058545864,0.0,0,-0.22,-0.11,-0.11
2014-04-15 02:44:00,0.066,0.138058545864,0.0,0,-0.22,-0.11,-0.11
2014-04-15 02:54:00,0.132,0.138058545864,0.0,0,-0.22,-0.11,-0.11
2014-04-15 03:04:00,0.066,0.138058545864,0.0,0,-0.22,-0.11,-0.11
2014-04-15 03:14:00,0.066,0.138058545864,0.0,0,-0.22,-0.11,-0.11
2014-04-15 03:24:00,0.066,0.125046560828,0.025,0,-0.22,-0.11,-0.11
2014-04-15 03:34:00,0.066,0.125046560828,0.0,0,-0.22,-0.11,-0.11
2014-04-15 03:44:00,0.066,0.125046560828,0.0,0,-0.22,-0.11,-0.11
2014-04-15 03:54:00,0.068,0.125046560828,0.0,0,-0.22,-0.11,-0.11
2014-04-15 04:04:00,0.066,0.125046560828,0.0,0,-0.22,-0.11,-0.11
2014-04-15 04:14:00,0.066,0.125046560828,0.0,0,-0.22,-0.11,-0.11
2014-04-15 04:24:00,0.066,0.125046560828,0.0,0,-0.22,-0.11,-0.11
2014-04-15 04:34:00,0.066,0.125046560828,0.0,0,-0.22,-0.11,-0.11
2014-04-15 04:44:00,0.068,0.125046560828,0.0,0,-0.22,-0.11,-0.11
2014-04-15 04:54:00,0.066,0.125046560828,0.0,0,-0.22,-0.11,-0.11
2014-04-15 05:04:00,0.066,0.138058545864,0.0,0,-0.22,-0.11,-0.11
2014-04-15 05:14:00,0.068,0.138058545864,0.0,0,-0.22,-0.11,-0.11
2014-04-15 05:24:00,0.066,0.138058545864,0.0,0,-0.22,-0.11,-0.11
2014-04-15 05:34:00,0.066,0.138058545864,0.0,0,-0.22,-0.11,-0.11
2014-04-15 05:44:00,0.066,0.138058545864,0.0,0,-0.22,-0.11,-0.11
2014-04-15 05:54:00,0.066,0.138058545864,0.0,0,-0.22,-0.11,-0.11
2014-04-15 06:04:00,0.134,0.138058545864,0.0,0,-0.22,-0.11,-0.11
2014-04-15 06:14:00,0.066,0.138058545864,0.0,0,-0.22,-0.11,-0.11
2014-04-15 06:24:00,0.066,0.138058545864,0.0,0,-0.22,-0.11,-0.11
2014-04-15 06:34:00,0.132,0.138058545864,0.0,0,-0.22,-0.11,-0.11
2014-04-15 06:44:00,0.068,0.138058545864,0.0,0,-0.22,-0.11,-0.11
2014-04-15 06:54:00,0.066,0.138058545864,0.0,0,-0.22,-0.11,-0.11
2014-04-15 07:04:00,0.066,0.138058545864,0.0,0,-0.22,-0.11,-0.11
2014-04-15 07:14:00,0.066,0.138058545864,0.0,0,-0.22,-0.11,-0.11
2014-04-15 07:24:00,0.2,0.138058545864,0.0,0,-0.22,-0.11,-0.11
2014-04-15 07:34:00,0.068,0.138058545864,0.0,0,-0.22,-0.11,-0.11
2014-04-15 07:44:00,0.068,0.138058545864,0.0,0,-0.22,-0.11,-0.11
2014-04-15 07:54:00,0.066,0.138058545864,0.0,0,-0.22,-0.11,-0.11
2014-04-15 08:04:00,0.068,0.138058545864,0.0,0,-0.22,-0.11,-0.11
2014-04-15 08:14:00,0.066,0.138058545864,0.0,0,-0.22,-0.11,-0.11
2014-04-15 08:24:00,0.066,0.138058545864,0.0,0,-0.22,-0.11,-0.11
2014-04-15 08:34:00,0.068,0.138058545864,0.0,0,-0.22,-0.11,-0.11
2014-04-15 08:44:00,0.066,0.138058545864,0.0,0,-0.22,-0.11,-0.11
2014-04-15 08:54:00,0.068,0.138058545864,0.0,0,-0.22,-0.11,-0.11
2014-04-15 09:04:00,0.066,0.138058545864,0.0,0,-0.22,-0.11,-0.11
2014-04-15 09:14:00,0.066,0.138058545864,0.0,0,-0.22,-0.11,-0.11
2014-04-15 09:24:00,0.068,0.138058545864,0.0,0,-0.22,-0.11,-0.11
2014-04-15 09:34:00,0.068,0.138058545864,0.0,0,-0.22,-0.11,-0.11
2014-04-15 09:44:00,0.066,0.138058545864,0.0,0,-0.22,-0.11,-0.11
2014-04-15 09:54:00,0.068,0.138058545864,0.0,0,-0.22,-0.11,-0.11
2014-04-15 10:04:00,0.066,0.138058545864,0.0,0,-0.22,-0.11,-0.11
2014-04-15 10:14:00,0.134,0.138058545864,0.0,0,-0.22,-0.11,-0.11
2014-04-15 10:24:00,0.066,0.138058545864,0.0,0,-0.22,-0.11,-0.11
2014-04-15 10:34:00,0.068,0.138058545864,0.0,0,-0.22,-0.11,-0.11
2014-04-15 10:44:00,0.134,0.138058545864,0.0,0,-0.22,-0.11,-0.11
2014-04-15 10:54:00,0.066,0.138058545864,0.0,0,-0.22,-0.11,-0.11
2014-04-15 11:04:00,0.132,0.138058545864,0.0,0,-0.22,-0.11,-0.11
2014-04-15 11:14:00,0.066,0.138058545864,0.0,0,-0.22,-0.11,-0.11
2014-04-15 11:24:00,0.068,0.138058545864,0.0,0,-0.22,-0.11,-0.11
2014-04-15 11:34:00,0.066,0.138058545864,0.0,0,-0.22,-0.11,-0.11
2014-04-15 11:44:00,0.066,0.138058545864,0.0,0,-0.22,-0.11,-0.11
2014-04-15 11:54:00,0.066,0.138058545864,0.0,0,-0.22,-0.11,-0.11
2014-04-15 12:04:00,0.066,0.138058545864,0.0,0,-0.22,-0.11,-0.11
2014-04-15 12:14:00,0.066,0.138058545864,0.0,0,-0.22,-0.11,-0.11
2014-04-15 12:24:00,0.066,0.138058545864,0.0,0,-0.22,-0.11,-0.11
2014-04-15 12:34:00,0.066,0.138058545864,0.0,0,-0.22,-0.11,-0.11
2014-04-15 12:44:00,0.132,0.138058545864,0.0,0,-0.22,-0.11,-0.11
2014-04-15 12:54:00,0.066,0.138058545864,0.0,0,-0.22,-0.11,-0.11
2014-04-15 13:04:00,0.066,0.138058545864,0.0,0,-0.22,-0.11,-0.11
2014-04-15 13:14:00,0.068,0.138058545864,0.0,0,-0.22,-0.11,-0.11
2014-04-15 13:24:00,0.066,0.138058545864,0.0,0,-0.22,-0.11,-0.11
2014-04-15 13:34:00,0.066,0.138058545864,0.0,0,-0.22,-0.11,-0.11
2014-04-15 13:44:00,0.066,0.138058545864,0.0,0,-0.22,-0.11,-0.11
2014-04-15 13:54:00,0.068,0.138058545864,0.0,0,-0.22,-0.11,-0.11
2014-04-15 14:04:00,0.066,0.138058545864,0.0,0,-0.22,-0.11,-0.11
2014-04-15 14:14:00,0.068,0.138058545864,0.0,0,-0.22,-0.11,-0.11
2014-04-15 14:24:00,0.066,0.138058545864,0.0,0,-0.22,-0.11,-0.11
2014-04-15 14:34:00,0.066,0.138058545864,0.0,0,-0.22,-0.11,-0.11
2014-04-15 14:44:00,0.134,0.138058545864,0.0,0,-0.22,-0.11,-0.11
2014-04-15 14:54:00,0.066,0.138058545864,0.0,0,-0.22,-0.11,-0.11
2014-04-15 15:04:00,0.132,0.138058545864,0.0,0,-0.22,-0.11,-0.11
2014-04-15 15:14:00,0.066,0.138058545864,0.0,0,-0.22,-0.11,-0.11
2014-04-15 15:24:00,0.066,0.138058545864,0.0,0,-0.22,-0.11,-0.11
2014-04-15 15:34:00,0.066,0.138058545864,0.0,0,-0.22,-0.11,-0.11
2014-04-15 15:44:00,0.068,0.138058545864,0.0,0,-0.22,-0.11,-0.11
2014-04-15 15:54:00,0.066,0.138058545864,0.0,0,-0.22,-0.11,-0.11
2014-04-15 16:04:00,0.066,0.138058545864,0.0,0,-0.22,-0.11,-0.11
2014-04-15 16:14:00,0.066,0.138058545864,0.0,0,-0.22,-0.11,-0.11
2014-04-15 16:24:00,0.132,0.138058545864,0.0,0,-0.22,-0.11,-0.11
2014-04-15 16:34:00,0.066,0.138058545864,0.0,0,-0.22,-0.11,-0.11
2014-04-15 16:44:00,0.066,0.138058545864,0.0,0,-0.22,-0.11,-0.11
2014-04-15 16:54:00,0.134,0.138058545864,0.0,0,-0.22,-0.11,-0.11
2014-04-15 17:04:00,0.068,0.138058545864,0.0,0,-0.22,-0.11,-0.11
2014-04-15 17:14:00,0.066,0.138058545864,0.0,0,-0.22,-0.11,-0.11
2014-04-15 17:24:00,0.066,0.138058545864,0.0,0,-0.22,-0.11,-0.11
2014-04-15 17:34:00,0.066,0.138058545864,0.0,0,-0.22,-0.11,-0.11
2014-04-15 17:44:00,0.066,0.138058545864,0.0,0,-0.22,-0.11,-0.11
2014-04-15 17:54:00,0.066,0.138058545864,0.0,0,-0.22,-0.11,-0.11
2014-04-15 18:04:00,0.066,0.138058545864,0.0,0,-0.22,-0.11,-0.11
2014-04-15 18:14:00,0.066,0.138058545864,0.0,0,-0.22,-0.11,-0.11
2014-04-15 18:24:00,0.132,0.138058545864,0.0,0,-0.22,-0.11,-0.11
2014-04-15 18:34:00,0.066,0.138058545864,0.0,0,-0.22,-0.11,-0.11
2014-04-15 18:44:00,0.066,0.138058545864,0.0,0,-0.22,-0.11,-0.11
2014-04-15 18:54:00,0.134,0.138058545864,0.0,0,-0.22,-0.11,-0.11
2014-04-15 19:04:00,0.2,0.138058545864,0.0,0,-0.22,-0.11,-0.11
2014-04-15 19:14:00,0.066,0.138058545864,0.0,0,-0.22,-0.11,-0.11
2014-04-15 19:24:00,0.066,0.138058545864,0.0,0,-0.22,-0.11,-0.11
2014-04-15 19:34:00,0.066,0.138058545864,0.0,0,-0.22,-0.11,-0.11
2014-04-15 19:44:00,0.068,0.138058545864,0.0,0,-0.22,-0.11,-0.11
2014-04-15 19:54:00,0.066,0.138058545864,0.0,0,-0.22,-0.11,-0.11
2014-04-15 20:04:00,0.066,0.138058545864,0.0,0,-0.22,-0.11,-0.11
2014-04-15 20:14:00,0.066,0.138058545864,0.0,0,-0.22,-0.11,-0.11
2014-04-15 20:24:00,0.066,0.138058545864,0.0,0,-0.22,-0.11,-0.11
2014-04-15 20:34:00,0.068,0.138058545864,0.0,0,-0.22,-0.11,-0.11
2014-04-15 20:44:00,0.134,0.138058545864,0.0,0,-0.22,-0.11,-0.11
2014-04-15 20:54:00,0.068,0.138058545864,0.0,0,-0.22,-0.11,-0.11
2014-04-15 21:04:00,0.136,0.138058545864,0.0,0,-0.22,-0.11,-0.11
2014-04-15 21:14:00,0.068,0.138058545864,0.0,0,-0.22,-0.11,-0.11
2014-04-15 21:24:00,0.066,0.138058545864,0.0,0,-0.22,-0.11,-0.11
2014-04-15 21:34:00,0.132,0.138058545864,0.0,0,-0.22,-0.11,-0.11
2014-04-15 21:44:00,0.066,0.138058545864,0.0,0,-0.22,-0.11,-0.11
2014-04-15 21:54:00,0.134,0.138058545864,0.0,0,-0.22,-0.11,-0.11
2014-04-15 22:04:00,0.066,0.138058545864,0.0,0,-0.22,-0.11,-0.11
2014-04-15 22:14:00,0.066,0.138058545864,0.0,0,-0.22,-0.11,-0.11
2014-04-15 22:24:00,0.134,0.138058545864,0.0,0,-0.22,-0.11,-0.11
2014-04-15 22:34:00,0.066,0.138058545864,0.0,0,-0.22,-0.11,-0.11
2014-04-15 22:44:00,0.066,0.138058545864,0.0,0,-0.22,-0.11,-0.11
2014-04-15 22:54:00,0.066,0.138058545864,0.0,0,-0.22,-0.11,-0.11
2014-04-15 23:04:00,0.066,0.138058545864,0.0,0,-0.22,-0.11,-0.11
2014-04-15 23:14:00,0.066,0.138058545864,0.0,0,-0.22,-0.11,-0.11
2014-04-15 23:24:00,0.066,0.138058545864,0.0,0,-0.22,-0.11,-0.11
2014-04-15 23:34:00,0.134,0.138058545864,0.0,0,-0.22,-0.11,-0.11
2014-04-15 23:44:00,0.066,0.138058545864,0.0,0,-0.22,-0.11,-0.11
2014-04-15 23:54:00,0.134,0.138058545864,0.0,0,-0.22,-0.11,-0.11
2014-04-16 00:04:00,0.068,0.138058545864,0.0,0,-0.22,-0.11,-0.11
2014-04-16 00:14:00,0.066,0.138058545864,0.0,0,-0.22,-0.11,-0.11
2014-04-16 00:24:00,0.132,0.138058545864,0.0,0,-0.22,-0.11,-0.11
2014-04-16 00:34:00,0.066,0.138058545864,0.0,0,-0.22,-0.11,-0.11
2014-04-16 00:44:00,0.066,0.138058545864,0.0,0,-0.22,-0.11,-0.11
2014-04-16 00:54:00,0.066,0.138058545864,0.0,0,-0.22,-0.11,-0.11
2014-04-16 01:04:00,0.068,0.138058545864,0.0,0,-0.22,-0.11,-0.11
2014-04-16 01:14:00,0.066,0.138058545864,0.0,0,-0.22,-0.11,-0.11
2014-04-16 01:24:00,0.066,0.138058545864,0.0,0,-0.22,-0.11,-0.11
2014-04-16 01:34:00,0.134,0.138058545864,0.0,0,-0.22,-0.11,-0.11
2014-04-16 01:44:00,0.066,0.138058545864,0.0,0,-0.22,-0.11,-0.11
2014-04-16 01:54:00,0.068,0.138058545864,0.0,0,-0.22,-0.11,-0.11
2014-04-16 02:04:00,0.068,0.138058545864,0.0,0,-0.22,-0.11,-0.11
2014-04-16 02:14:00,0.066,0.138058545864,0.0,0,-0.22,-0.11,-0.11
2014-04-16 02:24:00,0.132,0.138058545864,0.0,0,-0.22,-0.11,-0.11
2014-04-16 02:34:00,0.066,0.138058545864,0.0,0,-0.22,-0.11,-0.11
2014-04-16 02:44:00,0.066,0.138058545864,0.0,0,-0.22,-0.11,-0.11
2014-04-16 02:54:00,0.066,0.138058545864,0.0,0,-0.22,-0.11,-0.11
2014-04-16 03:04:00,0.134,0.138058545864,0.0,0,-0.22,-0.11,-0.11
2014-04-16 03:14:00,0.068,0.138058545864,0.0,0,-0.22,-0.11,-0.11
2014-04-16 03:24:00,0.134,0.11281038723,0.05,0,-0.22,-0.11,-0.11
2014-04-16 03:34:00,0.066,0.11281038723,0.0,0,-0.22,-0.11,-0.11
2014-04-16 03:44:00,0.066,0.11281038723,0.0,0,-0.22,-0.11,-0.11
2014-04-16 03:54:00,0.066,0.11281038723,0.0,0,-0.22,-0.11,-0.11
2014-04-16 04:04:00,0.066,0.11281038723,0.0,0,-0.22,-0.11,-0.11
2014-04-16 04:14:00,0.068,0.11281038723,0.0,0,-0.22,-0.11,-0.11
2014-04-16 04:24:00,0.066,0.11281038723,0.0,0,-0.22,-0.11,-0.11
2014-04-16 04:34:00,0.066,0.11281038723,0.0,0,-0.22,-0.11,-0.11
2014-04-16 04:44:00,0.066,0.11281038723,0.0,0,-0.22,-0.11,-0.11
2014-04-16 04:54:00,0.066,0.11281038723,0.0,0,-0.22,-0.11,-0.11
2014-04-16 05:04:00,0.066,0.138058545864,0.0,0,-0.22,-0.11,-0.11
2014-04-16 05:14:00,0.068,0.138058545864,0.0,0,-0.22,-0.11,-0.11
2014-04-16 05:24:00,0.066,0.138058545864,0.0,0,-0.22,-0.11,-0.11
2014-04-16 05:34:00,0.068,0.138058545864,0.0,0,-0.22,-0.11,-0.11
2014-04-16 05:44:00,0.066,0.138058545864,0.0,0,-0.22,-0.11,-0.11
2014-04-16 05:54:00,0.066,0.138058545864,0.0,0,-0.22,-0.11,-0.11
2014-04-16 06:04:00,0.132,0.138058545864,0.0,0,-0.22,-0.11,-0.11
2014-04-16 06:14:00,0.066,0.138058545864,0.0,0,-0.22,-0.11,-0.11
2014-04-16 06:24:00,0.068,0.138058545864,0.0,0,-0.22,-0.11,-0.11
2014-04-16 06:34:00,0.132,0.138058545864,0.0,0,-0.22,-0.11,-0.11
2014-04-16 06:44:00,0.068,0.138058545864,0.0,0,-0.22,-0.11,-0.11
2014-04-16 06:54:00,0.066,0.138058545864,0.0,0,-0.22,-0.11,-0.11
2014-04-16 07:04:00,0.066,0.138058545864,0.0,0,-0.22,-0.11,-0.11
2014-04-16 07:14:00,0.068,0.138058545864,0.0,0,-0.22,-0.11,-0.11
2014-04-16 07:24:00,0.132,0.138058545864,0.0,0,-0.22,-0.11,-0.11
2014-04-16 07:34:00,0.066,0.138058545864,0.0,0,-0.22,-0.11,-0.11
2014-04-16 07:44:00,0.068,0.138058545864,0.0,0,-0.22,-0.11,-0.11
2014-04-16 07:54:00,0.134,0.138058545864,0.0,0,-0.22,-0.11,-0.11
2014-04-16 08:04:00,0.066,0.138058545864,0.0,0,-0.22,-0.11,-0.11
2014-04-16 08:14:00,0.132,0.138058545864,0.0,0,-0.22,-0.11,-0.11
2014-04-16 08:24:00,0.068,0.138058545864,0.0,0,-0.22,-0.11,-0.11
2014-04-16 08:34:00,0.068,0.138058545864,0.0,0,-0.22,-0.11,-0.11
2014-04-16 08:44:00,0.068,0.138058545864,0.0,0,-0.22,-0.11,-0.11
2014-04-16 08:54:00,0.066,0.138058545864,0.0,0,-0.22,-0.11,-0.11
2014-04-16 09:04:00,0.066,0.138058545864,0.0,0,-0.22,-0.11,-0.11
2014-04-16 09:14:00,0.068,0.138058545864,0.0,0,-0.22,-0.11,-0.11
2014-04-16 09:24:00,0.068,0.138058545864,0.0,0,-0.22,-0.11,-0.11
2014-04-16 09:34:00,0.066,0.138058545864,0.0,0,-0.22,-0.11,-0.11
2014-04-16 09:44:00,0.066,0.138058545864,0.0,0,-0.22,-0.11,-0.11
2014-04-16 09:54:00,0.134,0.138058545864,0.0,0,-0.22,-0.11,-0.11
2014-04-16 10:04:00,0.066,0.138058545864,0.0,0,-0.22,-0.11,-0.11
2014-04-16 10:14:00,0.134,0.138058545864,0.0,0,-0.22,-0.11,-0.11
2014-04-16 10:24:00,0.066,0.138058545864,0.0,0,-0.22,-0.11,-0.11
2014-04-16 10:34:00,0.068,0.138058545864,0.0,0,-0.22,-0.11,-0.11
2014-04-16 10:44:00,0.132,0.138058545864,0.0,0,-0.22,-0.11,-0.11
2014-04-16 10:54:00,0.066,0.138058545864,0.0,0,-0.22,-0.11,-0.11
2014-04-16 11:04:00,0.134,0.138058545864,0.0,0,-0.22,-0.11,-0.11
2014-04-16 11:14:00,0.066,0.138058545864,0.0,0,-0.22,-0.11,-0.11
2014-04-16 11:24:00,0.066,0.138058545864,0.0,0,-0.22,-0.11,-0.11
2014-04-16 11:34:00,0.066,0.138058545864,0.0,0,-0.22,-0.11,-0.11
2014-04-16 11:44:00,0.066,0.138058545864,0.0,0,-0.22,-0.11,-0.11
2014-04-16 11:54:00,0.066,0.138058545864,0.0,0,-0.22,-0.11,-0.11
2014-04-16 12:04:00,0.068,0.138058545864,0.0,0,-0.22,-0.11,-0.11
2014-04-16 12:14:00,0.134,0.138058545864,0.0,0,-0.22,-0.11,-0.11
2014-04-16 12:24:00,0.066,0.138058545864,0.0,0,-0.22,-0.11,-0.11
2014-04-16 12:34:00,0.066,0.138058545864,0.0,0,-0.22,-0.11,-0.11
2014-04-16 12:44:00,0.132,0.138058545864,0.0,0,-0.22,-0.11,-0.11
2014-04-16 12:54:00,0.066,0.138058545864,0.0,0,-0.22,-0.11,-0.11
2014-04-16 13:04:00,0.066,0.138058545864,0.0,0,-0.22,-0.11,-0.11
2014-04-16 13:14:00,0.068,0.138058545864,0.0,0,-0.22,-0.11,-0.11
2014-04-16 13:24:00,0.068,0.138058545864,0.0,0,-0.22,-0.11,-0.11
2014-04-16 13:34:00,0.068,0.138058545864,0.0,0,-0.22,-0.11,-0.11
2014-04-16 13:44:00,0.066,0.138058545864,0.0,0,-0.22,-0.11,-0.11
2014-04-16 13:54:00,0.066,0.138058545864,0.0,0,-0.22,-0.11,-0.11
2014-04-16 14:04:00,0.066,0.138058545864,0.0,0,-0.22,-0.11,-0.11
2014-04-16 14:14:00,0.134,0.138058545864,0.0,0,-0.22,-0.11,-0.11
2014-04-16 14:24:00,0.068,0.138058545864,0.0,0,-0.22,-0.11,-0.11
